"Month","Ashburton District","Auckland","Buller District","Carterton District","Central Hawkes Bay District","Central Otago District","Christchurch","Clutha District","Dunedin","Far North District","Franklin District","Gisborne District","Gore District","Grey District","Hamilton","Hastings District","Hauraki District","Horowhenua District","Hurunui District","Invercargill","Kaikoura District","Kaipara District","Kapiti Coast District","Kawerau District","Lower Hutt","Mackenzie District","Manawatu District","Manukau","Marlborough District","Masterton District","Matamata-Piako District","Napier","National Total","Nelson","New Plymouth District","North Shore","Opotiki District","Otorohanga District","Palmerston North","Papakura District","Porirua","Queenstown-Lakes District","Rangitikei District","Rodney District","Rotorua District","Ruapehu District","Selwyn District","South Taranaki District","South Waikato District","South Wairarapa District","Southland District","Stratford District","Tararua District","Tasman District","Taupo District","Tauranga District","Thames-Coromandel District","Timaru District","Upper Hutt","Waikato District","Waimakariri District","Waimate District","Waipa District","Wairoa District","Waitakere","Waitaki District","Waitomo District","Wanganui District","Wellington","Western Bay Of Plenty District","Westland District","Whakatane District","Whangarei District"
1993-01-01,22,877,7,10,NA,32,700,6,333,33,44,60,15,23,456,73,16,45,5,103,6,11,53,7,122,NA,33,314,71,79,57,141,6667,136,162,361,6,NA,273,70,43,45,20,64,166,28,6,34,31,6,9,14,19,40,54,156,19,61,52,50,25,NA,60,12,182,9,6,90,357,32,NA,46,107
1993-02-01,14,1054,11,10,14,35,1021,14,480,38,76,97,16,11,519,96,18,44,NA,103,NA,15,74,21,170,NA,33,368,63,60,32,116,8267,125,180,370,NA,NA,388,120,78,54,23,96,204,28,12,36,53,11,10,11,31,30,72,175,42,71,62,55,26,5,66,11,220,33,5,107,560,25,NA,48,133
1993-03-01,13,1326,11,11,13,36,1127,10,653,68,65,74,28,33,631,107,27,70,7,119,NA,11,58,21,173,NA,29,461,49,71,47,127,9587,145,221,391,9,NA,523,131,54,72,30,85,200,24,19,38,48,13,11,14,26,44,105,238,46,86,44,61,35,NA,63,11,259,18,13,123,597,38,6,59,142
1993-04-01,29,1099,15,12,13,27,801,11,442,54,66,82,15,24,452,124,19,65,5,110,5,16,50,19,205,6,30,408,55,67,41,133,8075,149,170,397,5,NA,281,95,63,86,20,99,173,30,6,33,60,9,14,12,22,47,102,155,34,56,52,38,42,7,80,12,267,20,6,85,548,33,8,52,147
1993-05-01,23,1082,5,7,16,30,900,17,325,52,67,92,14,21,442,114,16,62,6,134,6,13,58,20,162,NA,39,345,74,60,39,134,8094,148,168,461,5,NA,259,99,48,118,29,119,200,31,10,44,36,9,13,18,34,36,88,241,47,80,40,59,33,10,73,12,249,15,18,146,461,36,NA,39,135
1993-06-01,17,1065,13,12,8,38,844,15,313,59,81,85,12,27,361,126,26,45,5,93,NA,12,67,10,159,6,27,423,75,64,60,119,7753,140,218,366,5,NA,252,99,58,95,34,101,181,25,12,53,46,11,6,11,26,27,102,218,40,60,54,25,36,NA,67,6,239,22,7,81,474,36,NA,57,135
1993-07-01,32,1113,20,12,19,24,837,9,302,51,62,76,18,24,412,123,18,61,8,113,5,16,56,16,151,NA,42,431,74,51,37,128,7926,126,199,412,7,NA,254,91,68,65,18,106,192,17,10,37,60,21,17,15,39,47,101,190,38,66,38,60,28,NA,62,7,270,21,6,78,521,42,7,66,129
1993-08-01,20,1070,8,14,12,27,832,16,253,72,86,80,20,25,388,141,22,62,5,103,5,26,79,24,192,7,42,383,90,61,37,144,8106,148,199,475,NA,5,235,96,90,73,38,138,171,19,12,53,40,11,17,26,34,32,84,213,42,97,67,54,50,9,72,9,255,15,10,114,440,51,5,70,135
1993-09-01,15,1104,11,7,14,20,791,12,290,52,71,73,14,16,465,124,19,62,NA,110,5,9,52,19,191,5,42,402,80,68,46,149,7989,149,193,416,5,NA,232,98,68,61,25,115,256,18,9,47,56,10,12,25,26,39,81,188,42,69,28,48,39,NA,69,8,296,9,6,128,485,45,9,66,115
1993-10-01,19,1005,5,12,14,32,684,10,315,36,62,65,19,20,339,120,18,47,7,94,NA,15,47,17,140,NA,42,422,65,58,36,104,7063,138,161,414,6,NA,188,91,90,65,25,98,178,17,6,25,47,12,22,17,36,52,66,186,34,60,44,54,33,NA,57,9,190,17,NA,82,408,23,6,62,115
1993-11-01,21,1287,11,17,15,25,843,16,342,51,81,74,15,19,447,125,24,57,10,92,6,16,67,22,182,5,50,470,65,97,41,137,8573,136,154,478,10,5,310,97,89,91,32,82,238,16,13,53,67,7,16,20,39,42,108,210,34,58,43,45,44,NA,61,11,288,10,12,126,500,39,NA,66,131
1993-12-01,27,926,8,11,15,20,644,10,288,35,54,64,11,8,449,120,11,40,NA,91,NA,12,41,13,161,NA,34,367,52,58,33,113,6803,137,166,364,5,NA,256,70,62,79,23,82,180,19,13,28,27,11,8,10,33,42,50,185,35,55,58,44,28,9,49,NA,207,14,6,53,449,22,5,45,119
1994-01-01,23,1197,14,5,17,32,943,9,396,43,57,88,10,32,489,106,24,55,6,105,6,8,58,8,130,NA,32,350,69,43,48,112,7982,150,187,363,NA,NA,309,95,58,72,19,128,174,19,10,40,43,6,5,9,28,47,89,213,22,82,35,35,20,NA,59,5,274,21,6,81,463,33,NA,52,155
1994-02-01,29,1206,20,10,14,32,1088,19,477,55,58,94,15,28,637,132,24,70,10,111,6,12,64,22,160,NA,43,347,79,56,56,115,9160,128,190,477,5,NA,450,76,66,84,24,78,200,15,13,44,52,13,20,13,29,54,97,186,40,68,95,54,39,NA,75,13,271,16,NA,121,661,42,8,55,135
1994-03-01,30,1462,13,13,13,42,1399,13,766,65,76,108,19,30,617,154,43,77,9,127,NA,23,66,25,211,9,48,502,97,90,34,155,11566,188,267,568,8,NA,646,131,87,96,34,138,267,31,20,50,62,15,19,13,41,51,133,318,57,94,87,64,42,NA,85,7,353,32,9,130,729,41,10,56,162
1994-04-01,20,998,16,6,18,34,816,17,319,37,70,61,19,18,357,106,23,42,NA,89,NA,12,80,12,169,NA,28,355,67,62,48,122,7610,125,186,449,NA,9,333,90,62,79,23,101,177,17,9,31,51,15,13,14,35,24,92,229,43,78,43,47,24,6,59,NA,263,16,8,94,456,37,5,62,131
1994-05-01,20,1238,16,15,21,27,970,11,355,58,91,75,14,16,517,140,39,50,7,121,NA,8,84,18,161,NA,36,464,93,62,55,142,8908,129,175,555,5,NA,280,103,65,107,16,112,216,26,12,54,73,17,9,19,24,45,103,243,48,77,58,48,39,9,69,5,261,16,11,117,506,33,5,63,162
1994-06-01,29,1198,12,12,18,32,914,17,314,64,86,78,14,37,427,146,24,70,6,113,7,12,67,19,181,7,42,455,82,71,49,130,8898,145,221,489,10,NA,260,88,94,136,21,109,211,22,8,60,68,15,13,11,40,55,82,281,59,79,70,66,44,NA,92,13,283,16,8,140,525,41,NA,52,166
1994-07-01,20,1049,14,10,21,29,786,15,280,41,89,95,12,12,401,163,33,53,NA,102,5,16,77,11,166,8,20,383,73,60,48,140,8052,147,246,443,NA,NA,215,114,76,86,24,134,229,22,9,41,46,NA,18,11,33,47,108,239,40,68,59,52,40,9,62,15,280,10,14,114,465,46,10,59,125
1994-08-01,39,1468,12,6,16,33,1054,14,303,56,95,82,16,27,494,149,36,59,8,148,NA,16,69,27,199,7,41,524,95,56,70,149,9862,159,211,524,8,9,280,138,86,107,40,147,293,25,10,48,72,11,14,23,44,42,121,268,60,87,59,67,57,NA,84,7,333,19,6,95,581,45,6,62,167
1994-09-01,26,1427,14,11,31,21,959,13,310,57,102,82,30,14,464,152,44,71,15,126,5,20,91,24,194,NA,48,476,87,71,49,178,9468,203,231,542,8,NA,264,114,99,71,16,119,219,22,14,49,71,13,16,15,27,62,103,255,53,78,67,53,47,6,58,5,324,18,13,131,530,37,5,59,170
1994-10-01,20,1042,15,8,15,21,904,13,364,43,42,76,16,21,355,146,25,72,6,119,7,12,75,12,174,8,40,389,82,67,49,123,7996,130,186,426,NA,NA,202,132,86,78,20,124,203,30,13,44,49,12,15,9,27,44,84,242,38,72,54,53,36,6,58,8,256,19,6,126,428,36,NA,63,143
1994-11-01,19,1243,12,11,28,33,1128,7,342,49,66,89,24,27,483,156,24,59,10,126,NA,18,69,15,162,NA,38,454,63,67,60,152,9023,138,195,461,NA,NA,276,94,72,122,31,106,265,30,13,53,54,13,12,19,37,46,113,280,52,65,48,68,35,10,71,10,273,25,9,119,466,40,7,54,138
1994-12-01,25,1097,10,9,18,28,765,5,370,46,71,80,21,17,489,122,25,45,6,99,NA,9,65,16,159,10,33,369,71,41,43,117,7587,99,135,425,NA,6,273,97,77,80,21,80,155,16,5,38,61,12,12,13,36,36,76,168,32,49,60,48,28,5,53,8,235,16,7,102,467,26,5,53,131
1995-01-01,16,1238,16,10,22,20,905,9,385,62,83,83,14,27,503,145,35,59,5,93,6,16,51,12,144,5,29,390,74,61,47,140,8356,130,232,420,6,NA,263,79,71,62,20,105,217,18,10,34,54,NA,12,15,36,49,71,217,28,72,41,55,27,6,64,13,272,18,NA,109,511,41,13,58,143
1995-02-01,21,1157,18,10,15,30,1127,17,552,67,53,92,14,19,530,162,28,73,NA,107,6,20,65,29,179,NA,41,361,67,65,39,147,9111,198,189,376,7,5,459,77,73,106,42,97,171,11,11,60,66,10,12,20,41,54,91,208,35,87,73,46,31,8,58,12,253,23,7,124,557,37,5,51,146
1995-03-01,14,1534,14,12,16,43,1394,16,693,71,107,129,17,31,695,186,37,71,10,195,NA,23,101,32,236,9,69,490,90,91,38,179,12272,177,245,617,13,NA,704,114,90,104,44,166,247,26,21,61,88,17,29,25,56,64,127,344,65,108,93,76,48,8,92,18,383,24,16,161,733,48,7,88,175
1995-04-01,21,1013,7,7,21,28,748,14,333,42,56,63,12,20,394,122,18,70,NA,106,NA,20,62,27,128,7,28,309,57,49,32,128,7221,121,143,334,6,NA,231,71,63,107,26,85,203,24,6,46,52,12,5,12,32,39,83,211,54,71,56,37,40,5,77,7,251,23,NA,94,351,44,NA,59,124
1995-05-01,27,1701,21,12,18,36,1199,9,418,60,114,103,23,41,487,172,27,64,8,152,7,19,94,36,225,11,56,531,97,90,53,206,11287,186,241,652,7,6,300,124,93,177,27,151,277,27,14,47,72,16,17,28,45,71,123,355,73,99,87,71,54,7,86,14,363,23,10,158,652,51,9,95,178
1995-06-01,28,1240,16,5,16,23,1098,19,373,60,88,97,21,30,423,153,36,63,6,138,5,19,81,33,170,NA,47,399,91,64,53,177,9516,169,280,485,NA,9,288,83,80,124,36,141,238,33,10,57,62,13,25,22,40,41,121,270,70,94,60,73,37,7,79,14,271,22,14,158,530,37,10,66,178
1995-07-01,27,1436,14,11,18,33,1058,19,359,65,103,104,21,30,474,164,39,73,5,136,6,15,88,21,173,NA,45,504,90,59,56,211,9907,158,195,564,6,NA,271,91,93,127,34,122,273,33,12,80,63,7,12,23,35,54,124,277,58,85,79,55,55,9,80,13,279,32,8,107,558,45,10,63,175
1995-08-01,32,1474,25,8,26,35,1079,18,363,68,83,109,14,27,471,146,28,71,11,147,NA,22,79,31,161,NA,56,480,87,70,65,181,10122,188,262,547,12,7,304,113,105,87,35,156,220,23,16,55,84,11,12,23,55,62,101,300,61,84,48,56,47,7,91,7,354,29,12,147,538,59,6,64,163
1995-09-01,31,1274,9,9,25,32,1006,26,371,68,96,93,28,28,518,197,43,65,7,137,10,25,103,27,198,7,50,433,93,55,58,164,9434,166,223,543,6,9,240,104,94,88,24,129,209,19,8,46,54,10,23,9,46,54,81,275,54,70,80,49,46,9,89,9,274,20,NA,132,532,48,11,71,134
1995-10-01,19,1341,11,14,14,30,871,18,319,62,74,97,15,22,438,160,30,56,8,140,NA,23,77,27,195,NA,51,509,77,74,44,155,9023,175,179,463,6,5,268,121,65,127,29,121,228,25,7,56,71,9,19,14,45,50,109,261,58,73,48,48,40,6,68,12,300,22,7,119,468,39,8,51,158
1995-11-01,26,1408,17,NA,28,37,1063,15,427,50,85,92,22,20,608,153,29,87,8,126,NA,16,95,23,180,15,55,390,63,63,60,164,9978,185,223,514,10,NA,334,92,83,148,34,133,271,33,15,51,87,10,17,15,39,75,121,248,55,80,69,52,43,9,81,18,324,23,23,139,552,30,8,64,153
1995-12-01,27,1309,NA,6,23,23,875,12,370,46,67,82,18,22,516,154,17,44,5,80,NA,18,34,20,157,NA,31,414,82,54,38,128,8041,158,155,441,NA,NA,292,82,64,75,20,117,166,16,16,15,35,7,12,7,35,38,88,162,32,88,46,33,35,6,65,6,219,23,6,92,459,36,NA,48,81
1996-01-01,29,1225,13,10,16,27,945,19,399,56,83,94,16,33,533,134,31,63,5,105,6,14,66,19,142,6,35,427,72,69,56,166,8956,142,242,462,NA,NA,255,82,86,102,26,100,227,22,13,42,55,10,13,7,28,50,103,275,37,70,54,44,40,NA,87,17,304,23,12,138,529,37,7,56,161
1996-02-01,29,1693,18,11,22,41,1438,27,758,88,94,117,21,43,701,197,34,69,12,150,NA,26,122,35,225,11,49,524,89,76,54,219,12671,236,283,626,8,6,541,125,79,129,32,148,301,28,19,57,87,9,27,20,32,71,121,333,69,116,84,57,38,7,80,19,394,36,15,165,825,48,7,108,167
1996-03-01,30,1594,17,12,31,35,1377,18,726,73,79,90,19,34,670,178,24,65,5,153,6,20,87,23,185,9,44,522,97,91,48,179,11496,164,160,583,13,9,510,98,100,79,38,171,251,23,18,51,75,16,22,15,52,62,120,324,70,82,72,62,63,17,83,15,341,22,15,151,625,42,18,68,151
1996-04-01,33,1370,8,5,28,51,1086,19,424,58,86,82,22,25,522,143,37,68,11,135,NA,13,90,23,191,7,57,525,88,65,53,135,9946,147,223,520,6,8,333,124,82,114,30,110,231,29,15,50,85,9,18,26,38,54,137,327,69,82,61,43,50,6,71,14,325,22,5,150,525,40,NA,53,159
1996-05-01,39,1898,17,10,45,48,1311,25,434,87,107,124,27,34,629,213,36,83,9,170,7,18,114,21,255,8,64,580,115,80,69,205,13000,235,261,711,8,13,350,108,105,212,52,192,321,39,23,68,90,15,21,21,46,71,165,407,83,127,66,80,61,12,102,22,516,41,17,184,714,77,8,111,235
1996-06-01,24,1493,11,9,22,40,1024,15,349,62,65,89,18,29,572,208,27,87,8,165,NA,25,76,19,216,9,43,544,99,69,64,157,10239,156,198,533,6,10,244,137,82,188,20,177,271,35,9,53,74,9,16,17,43,48,105,319,60,88,63,49,37,11,84,14,302,24,12,133,561,52,10,86,149
1996-07-01,32,1712,14,12,27,49,1112,22,368,75,81,106,21,26,549,172,25,83,6,190,6,17,112,39,196,8,54,535,124,85,69,225,11381,215,240,648,13,NA,298,106,81,157,27,150,240,28,13,87,83,13,25,20,40,63,135,351,73,92,92,66,59,12,96,13,424,26,13,163,598,69,15,114,181
1996-08-01,18,1665,13,NA,26,42,1108,28,339,78,72,83,21,29,592,181,41,79,NA,173,NA,29,98,12,210,NA,59,541,106,86,64,179,11039,187,208,610,15,12,296,101,110,102,33,161,245,32,18,72,85,13,30,16,46,77,150,360,81,100,72,57,38,9,92,18,356,16,11,210,628,49,6,62,166
1996-09-01,20,1607,15,13,33,26,1174,25,351,58,84,110,15,39,532,157,26,69,NA,123,6,19,92,40,210,NA,64,524,85,73,57,176,10591,169,292,595,10,5,230,112,75,66,38,147,255,31,8,67,76,10,23,24,33,55,139,345,65,93,75,54,66,8,94,10,384,30,11,129,569,37,11,61,147
1996-10-01,23,1551,14,10,33,39,1028,16,448,75,88,85,23,37,489,183,28,70,11,136,NA,20,94,27,221,NA,41,580,93,49,45,176,10477,179,241,547,5,NA,279,110,86,104,37,169,261,36,11,63,84,10,18,21,30,77,121,299,50,78,61,72,52,9,97,16,367,23,13,123,616,45,9,65,158
1996-11-01,21,1438,15,NA,24,31,1004,20,387,70,89,115,24,26,662,207,22,73,7,123,NA,16,91,17,198,8,44,591,98,54,60,179,10334,185,225,572,5,7,330,115,84,111,44,145,220,35,5,57,58,9,19,25,29,51,102,280,45,86,52,54,51,NA,80,18,357,14,11,161,631,41,8,57,129
1996-12-01,27,1563,12,10,30,31,1157,27,433,72,110,104,20,34,576,189,28,78,9,140,NA,29,74,27,180,8,51,544,102,55,46,165,10729,151,249,564,10,9,380,93,78,117,27,128,240,35,23,58,66,11,19,13,37,49,105,295,48,89,68,55,38,8,89,12,400,18,14,107,614,55,13,72,207
1997-01-01,17,1279,17,8,33,34,1083,22,531,76,68,91,33,40,633,138,28,67,6,129,7,18,81,26,175,5,36,467,83,69,52,166,9883,162,191,490,6,6,284,84,86,92,33,113,268,16,14,55,99,16,19,9,25,51,99,258,49,91,77,68,55,13,64,10,338,26,7,123,641,43,18,73,115
1997-02-01,24,1802,15,10,26,38,1505,26,708,89,107,141,22,40,832,200,25,79,13,123,5,25,88,23,215,8,46,611,88,66,44,191,12597,172,260,638,10,8,523,116,81,91,43,159,245,21,17,66,56,12,16,27,37,83,112,370,69,123,76,48,52,10,85,22,351,39,10,150,719,43,13,69,210
1997-03-01,27,1527,10,16,40,35,1435,12,636,81,70,100,18,29,579,184,31,79,8,133,NA,16,92,26,208,NA,67,571,107,43,58,143,11679,177,207,686,12,9,476,118,87,88,47,182,302,30,18,63,96,12,26,23,38,60,121,337,66,102,65,61,52,10,76,23,411,32,7,164,628,50,6,86,149
1997-04-01,25,1748,13,6,26,43,1290,23,553,87,126,115,16,39,713,142,36,92,12,155,NA,20,109,15,219,NA,65,671,98,71,72,183,12507,192,258,723,13,7,362,140,91,177,27,188,243,34,15,59,66,15,22,32,42,71,125,407,81,102,96,65,56,8,101,13,488,32,15,148,761,78,9,68,182
1997-05-01,21,1651,15,11,49,30,1250,24,462,103,143,149,31,41,659,214,30,66,10,190,NA,24,92,29,208,5,62,610,120,86,64,187,12284,167,240,636,15,10,359,129,115,168,27,200,321,23,17,60,90,9,26,23,43,95,175,439,78,125,64,64,47,13,92,14,480,40,17,152,648,56,11,66,221
1997-06-01,22,1664,17,15,39,39,1181,19,366,71,95,98,12,42,588,197,29,72,5,161,5,18,112,25,213,NA,53,595,94,84,69,201,11347,180,237,666,10,8,246,124,87,182,25,195,243,18,17,75,89,10,25,25,32,71,103,341,73,95,84,71,48,5,100,10,441,26,10,158,656,53,20,62,155
1997-07-01,26,1853,14,13,34,39,1220,20,373,104,121,136,26,22,590,186,36,74,13,153,7,25,93,22,210,9,56,716,118,62,66,209,12352,207,261,722,10,11,318,110,88,181,41,199,272,60,21,76,83,8,25,30,44,75,146,422,85,85,74,53,69,5,95,11,500,20,7,164,675,62,18,84,209
1997-08-01,39,1584,17,14,36,31,1154,18,379,88,118,140,19,37,609,146,26,84,5,151,NA,14,77,29,232,7,65,687,104,73,65,175,11434,158,241,643,5,13,310,134,96,88,32,195,273,24,14,76,81,17,34,18,34,67,106,378,67,103,85,57,51,10,92,13,465,26,6,116,679,52,18,58,190
1997-09-01,33,1723,16,14,48,32,1267,12,349,96,115,125,14,29,605,154,26,78,12,122,NA,24,115,15,202,8,69,652,110,60,55,195,11801,194,238,671,8,8,415,131,96,70,37,225,271,28,19,52,89,8,22,23,34,55,147,376,71,86,66,68,65,6,97,14,434,21,11,149,695,63,12,67,192
1997-10-01,29,1613,13,9,40,37,1121,14,352,79,119,125,24,24,519,162,25,63,9,137,NA,12,94,12,219,5,61,697,113,83,46,152,11183,191,213,667,10,5,287,132,85,106,27,176,245,23,16,58,90,10,27,24,32,75,134,448,88,73,68,57,65,6,83,12,457,16,14,112,640,42,6,69,213
1997-11-01,28,1622,17,9,33,29,1102,11,365,66,95,115,18,26,725,149,21,51,7,131,7,26,91,38,172,11,48,608,93,65,41,149,10929,133,242,585,NA,NA,289,111,99,120,30,164,258,33,19,59,87,11,26,20,42,51,136,329,42,72,84,62,62,NA,83,18,434,19,8,117,721,50,10,60,197
1997-12-01,31,1741,17,10,29,43,1242,11,389,80,98,114,15,21,568,143,24,75,NA,136,NA,11,108,23,204,6,51,726,105,78,61,176,11475,188,205,576,8,9,361,146,108,87,23,199,275,20,15,57,63,14,32,22,43,78,133,354,54,96,76,50,51,5,83,12,411,29,11,113,684,54,15,68,187
1998-01-01,38,1354,16,NA,28,28,1176,27,569,57,85,113,21,29,594,163,31,68,10,103,NA,20,81,12,198,9,52,516,84,63,50,201,10544,188,162,600,13,6,306,97,93,98,25,144,227,33,18,47,73,12,29,19,27,69,101,313,41,108,88,45,48,12,101,13,368,28,10,82,736,56,6,72,166
1998-02-01,23,1956,20,12,39,28,1573,25,625,100,155,131,29,35,826,200,29,75,7,135,6,22,105,41,224,10,48,686,124,64,56,157,13306,200,274,707,9,7,554,141,82,88,30,194,268,43,18,66,89,13,19,27,55,88,112,331,75,104,96,58,38,11,89,9,450,26,5,171,773,62,19,69,188
1998-03-01,29,2054,22,10,39,34,1706,19,816,93,112,116,24,27,850,186,26,74,14,130,7,23,127,35,230,7,65,710,131,73,60,150,14403,218,243,715,13,6,556,118,119,132,35,236,325,46,31,64,107,9,30,25,45,84,124,434,74,104,122,68,65,9,94,13,500,22,16,206,929,71,11,68,231
1998-04-01,31,1764,12,13,33,47,1285,16,445,97,118,120,19,37,616,172,18,62,11,131,NA,22,93,32,228,NA,46,725,111,76,65,170,12146,176,228,710,13,6,318,133,102,101,31,230,285,37,17,53,76,8,19,19,33,68,113,446,76,100,71,75,59,9,102,14,451,25,NA,132,738,65,9,113,178
1998-05-01,47,1750,14,11,40,37,1297,19,379,104,126,98,20,27,593,168,26,68,12,138,NA,18,91,30,211,10,65,686,103,74,71,181,11984,208,230,617,11,NA,326,98,82,131,40,206,296,28,14,59,93,5,11,17,33,82,141,420,77,88,58,69,71,12,97,17,420,29,11,227,699,64,10,61,211
1998-06-01,41,1762,16,13,35,33,1190,19,357,77,127,135,27,20,603,206,35,57,11,132,5,17,94,34,239,5,54,690,124,69,73,184,12192,201,199,700,10,NA,304,116,105,233,25,225,294,38,20,49,114,13,37,29,44,92,154,374,79,84,80,73,59,7,91,10,451,28,10,143,727,74,12,85,217
1998-07-01,50,2090,15,NA,37,38,1365,17,308,111,135,149,34,36,648,203,40,56,7,134,5,26,127,29,255,14,63,774,112,41,49,174,13163,194,253,837,11,6,296,141,111,133,29,215,319,38,15,68,94,8,25,33,44,89,110,468,88,95,82,73,51,6,99,14,507,25,13,118,815,60,11,91,251
1998-08-01,36,1955,18,14,29,28,1212,23,314,95,141,131,19,34,709,205,29,69,14,119,5,23,98,30,257,10,72,760,121,69,62,199,12556,173,236,770,11,6,303,118,90,101,40,207,285,30,18,61,83,12,18,21,31,79,171,405,84,98,70,64,72,NA,114,13,484,17,18,178,740,48,9,84,209
1998-09-01,40,1824,13,15,34,28,1213,20,305,100,116,124,23,34,563,184,30,69,6,153,NA,22,111,20,222,7,68,787,130,54,61,175,12007,159,215,723,11,7,285,149,84,78,22,233,295,35,12,55,93,9,32,15,47,75,118,393,73,90,68,65,70,5,87,9,471,18,8,138,770,75,14,77,161
1998-10-01,25,1799,16,7,27,34,1072,17,344,104,116,123,20,31,548,192,25,60,5,134,5,23,113,22,210,10,53,675,123,42,59,157,11448,181,214,698,15,8,257,119,108,98,42,217,281,23,15,73,49,NA,17,24,32,72,135,404,69,72,70,59,56,NA,89,8,476,19,10,140,702,70,14,72,161
1998-11-01,33,1846,16,11,42,28,1196,16,399,90,123,86,14,25,728,195,32,64,9,143,NA,11,104,24,207,13,45,723,102,70,44,192,12337,165,210,809,9,NA,299,155,107,125,24,229,207,30,15,67,95,14,28,18,29,78,147,437,64,74,82,56,55,10,92,7,503,14,6,135,860,50,9,78,223
1998-12-01,48,1834,10,6,37,39,1185,19,398,97,132,118,21,24,588,162,22,78,6,119,NA,14,105,31,223,NA,56,747,141,77,71,171,12034,191,216,667,10,NA,371,157,78,136,33,206,258,18,10,82,55,8,25,29,37,70,111,387,57,94,73,73,46,9,92,8,456,23,6,90,773,61,5,101,254
1999-01-01,33,1552,13,NA,22,30,1101,13,543,83,71,133,18,25,575,168,19,64,5,100,NA,21,86,14,208,8,55,523,80,42,46,166,10510,170,219,568,9,5,287,79,85,101,22,165,220,23,26,36,57,NA,16,23,30,80,106,329,39,80,71,58,67,NA,94,10,344,13,19,136,729,48,11,67,179
1999-02-01,46,2100,17,7,30,38,1720,26,687,93,130,126,21,27,874,211,25,56,7,161,NA,21,122,25,277,8,57,758,112,95,62,213,14567,195,247,794,9,11,590,144,107,105,32,206,306,26,31,59,92,10,16,21,41,61,127,424,91,92,97,45,62,12,111,11,508,19,18,157,1026,60,12,101,242
1999-03-01,39,2354,20,NA,31,51,1850,25,826,120,139,127,20,34,957,221,32,78,11,123,7,32,129,25,288,11,75,805,147,55,57,202,15766,211,230,834,15,6,605,164,109,99,41,242,290,45,20,61,90,10,24,29,41,101,149,497,100,108,112,97,82,10,104,20,575,27,14,217,946,85,9,85,260
1999-04-01,36,1970,12,15,44,45,1273,23,485,114,115,108,20,19,667,157,23,80,11,128,NA,25,147,14,255,5,56,778,101,75,64,192,12808,182,225,686,17,NA,356,129,112,118,23,208,270,32,20,58,76,17,21,21,30,76,107,451,85,99,79,94,64,NA,102,10,502,25,6,102,855,68,5,102,228
1999-05-01,69,1916,17,9,27,37,1489,26,413,88,125,114,24,36,694,197,40,75,6,127,NA,19,117,38,251,7,55,743,132,86,78,193,13132,198,217,789,16,9,273,170,97,174,30,203,274,24,23,64,83,15,19,17,31,92,146,447,100,93,95,75,62,9,108,9,498,19,19,128,768,89,7,82,235
1999-06-01,43,1724,17,19,41,24,1183,14,318,108,128,114,22,31,558,204,35,63,8,126,NA,20,126,10,220,8,67,637,125,65,80,163,11740,203,243,586,10,7,285,139,119,204,25,206,272,37,11,57,65,20,13,24,34,86,115,399,78,79,77,65,81,10,101,16,430,17,10,131,764,69,13,57,232
1999-07-01,36,2026,18,5,36,41,1186,14,270,123,143,122,28,31,634,197,33,88,12,134,6,36,142,39,260,9,44,656,116,55,79,183,12781,156,228,738,17,12,316,146,116,226,34,243,278,37,28,50,76,11,22,16,52,78,123,470,68,66,106,103,58,9,102,8,511,24,11,156,832,78,10,88,211
1999-08-01,43,1999,16,9,27,31,1313,18,326,106,156,113,30,23,684,183,34,95,9,126,5,22,133,28,205,6,73,809,148,79,83,204,13043,202,251,776,17,13,306,157,119,127,22,230,274,47,15,76,77,6,26,23,43,77,158,407,73,68,79,78,75,NA,102,7,479,22,12,162,854,73,13,66,226
1999-09-01,46,1991,11,10,43,34,1265,17,322,104,126,124,19,28,670,194,30,68,15,108,NA,33,123,35,274,5,56,713,110,71,72,193,12579,203,170,736,13,7,288,161,130,93,33,203,307,38,18,43,66,8,26,22,52,69,117,411,63,75,72,98,79,7,89,10,456,19,14,146,837,77,13,90,248
1999-10-01,40,1700,10,13,23,29,1163,13,328,101,128,92,16,16,605,152,31,74,11,126,NA,22,116,24,201,14,60,624,108,79,60,158,11313,158,247,644,17,7,253,114,99,140,20,197,259,13,18,39,60,14,26,27,39,68,92,389,67,94,88,69,69,5,106,5,461,21,12,117,702,66,13,75,216
1999-11-01,38,1896,12,NA,32,23,1304,17,404,82,140,112,25,24,623,187,32,97,10,119,NA,23,135,23,280,10,49,717,115,45,73,212,12736,195,195,730,12,10,337,180,101,125,36,227,253,31,24,60,64,13,22,28,37,81,171,419,82,97,95,85,63,11,107,19,487,23,12,118,859,54,8,84,242
1999-12-01,37,2031,12,12,42,42,1385,14,524,105,122,87,31,32,719,187,37,59,12,161,NA,16,107,19,244,6,58,758,127,84,54,172,12950,209,236,680,20,8,378,137,107,149,26,211,270,28,23,52,76,9,29,16,38,89,131,411,67,90,86,34,74,5,101,12,454,18,8,161,808,61,12,61,230
2000-01-01,33,1570,13,11,28,42,1260,19,489,79,115,106,31,23,592,163,27,41,13,100,5,23,91,18,205,7,40,594,127,65,57,162,10922,157,190,586,11,6,255,116,87,88,20,169,212,38,23,23,80,11,24,20,27,58,135,358,57,83,67,65,66,7,76,9,388,26,16,58,775,60,12,106,162
2000-02-01,41,2211,24,11,47,33,1772,27,710,124,106,118,30,33,904,239,33,79,9,115,NA,29,134,33,292,5,73,759,132,78,66,203,15127,202,239,743,22,13,609,152,114,110,41,203,283,49,29,48,77,15,15,27,50,93,117,401,61,92,113,68,74,6,86,15,521,21,8,201,1248,70,12,79,256
2000-03-01,47,2324,19,23,46,35,1890,21,852,117,163,120,26,27,916,221,49,81,13,162,5,14,162,26,284,9,51,801,150,114,85,217,15871,226,256,781,12,10,540,187,115,134,30,237,293,31,26,72,110,9,16,30,37,98,168,524,109,101,84,83,92,5,112,14,567,23,18,122,998,81,11,112,281
2000-04-01,25,1557,11,7,25,37,1092,16,362,83,89,98,18,21,694,153,24,65,15,94,NA,18,131,27,210,11,41,594,102,52,60,167,10875,145,164,557,10,5,275,95,86,91,22,191,266,27,18,62,61,6,24,16,45,78,107,337,62,76,109,86,61,NA,81,5,420,15,NA,128,873,53,8,54,214
2000-05-01,51,2136,18,21,45,45,1314,34,459,127,138,133,29,41,732,213,37,79,14,168,5,26,136,17,295,9,56,817,136,98,68,189,14142,241,217,779,19,NA,384,170,120,174,47,231,332,32,25,64,88,15,19,21,40,84,138,550,74,87,105,82,86,6,98,10,504,24,11,107,994,85,16,82,250
2000-06-01,46,1938,13,10,37,47,1371,18,291,134,139,110,23,33,628,194,42,86,7,142,6,24,134,27,244,6,58,772,145,78,75,201,13170,181,224,779,15,6,319,142,98,184,35,249,273,34,18,51,88,13,14,23,38,74,151,408,76,84,75,111,74,NA,130,20,527,21,9,196,846,66,16,91,290
2000-07-01,50,2133,20,12,31,42,1400,23,297,113,139,123,21,28,648,170,40,69,13,156,6,25,141,15,225,NA,52,809,118,62,67,219,13132,184,229,774,18,8,401,133,94,138,35,183,279,39,21,64,69,11,18,16,38,88,130,453,94,81,83,64,79,NA,116,16,461,14,16,101,814,80,8,87,223
2000-08-01,41,2100,19,21,39,37,1301,14,311,123,125,127,27,25,658,178,27,78,9,139,NA,26,144,17,274,NA,68,666,142,71,72,186,13108,170,204,790,15,NA,321,166,90,89,22,233,322,34,23,60,90,13,23,28,50,86,176,394,88,88,80,85,75,7,95,17,510,22,8,151,966,78,12,82,238
2000-09-01,31,1830,12,13,45,34,1215,17,369,98,123,99,24,29,642,217,42,93,15,123,NA,20,120,19,232,7,55,738,117,61,63,196,11967,190,227,659,16,NA,298,142,99,73,34,227,267,46,33,60,73,13,26,14,26,73,108,347,63,100,96,72,66,NA,104,16,425,14,19,93,747,72,14,78,193
2000-10-01,43,1917,17,13,19,35,1284,16,335,121,151,109,27,24,609,164,24,84,9,106,NA,26,133,17,228,7,65,703,110,64,55,152,12616,176,212,780,23,6,301,160,102,136,28,231,303,21,19,59,69,14,35,20,40,95,147,434,79,76,80,54,80,5,110,13,494,18,12,131,932,79,6,86,230
2000-11-01,40,2027,11,14,38,38,1232,15,456,114,105,96,18,20,670,186,32,61,9,105,NA,24,123,20,280,8,52,704,121,66,52,209,12715,187,193,721,11,NA,390,144,87,132,30,215,305,16,18,66,54,6,16,17,44,78,154,429,66,92,94,94,65,6,77,6,532,19,14,135,786,77,9,88,230
2000-12-01,39,1911,13,10,32,30,1291,14,399,117,137,105,24,23,705,192,38,79,7,173,NA,16,114,19,239,14,55,688,132,70,47,145,12219,176,241,627,11,7,321,110,105,135,27,243,211,33,22,58,68,8,17,18,52,69,78,358,94,94,77,43,67,5,110,9,430,24,12,128,795,70,15,75,258
2001-01-01,40,1857,9,10,30,30,1303,26,581,89,85,113,28,28,685,158,24,73,9,152,NA,28,98,17,202,9,52,680,106,64,56,175,11893,153,175,621,14,5,331,127,72,95,25,195,241,37,21,44,72,13,20,23,22,68,137,323,39,74,83,62,59,NA,81,6,401,19,10,85,942,57,14,63,212
2001-02-01,38,2516,22,17,29,45,1880,22,722,107,140,127,24,34,923,185,38,68,17,150,5,18,142,19,249,10,52,750,97,70,70,204,15461,184,256,808,11,11,542,164,123,132,28,217,269,27,25,53,75,13,12,27,34,66,141,493,78,106,103,78,66,12,106,17,539,24,10,157,1196,87,8,88,243
2001-03-01,42,2407,17,23,39,43,1673,29,815,133,158,141,29,20,1013,203,36,84,12,174,NA,30,139,35,301,6,72,882,135,99,87,177,16105,208,290,868,18,5,573,147,111,131,29,275,351,29,23,63,93,13,27,13,40,96,158,492,91,103,128,98,83,6,105,8,589,18,18,162,1121,86,10,85,229
2001-04-01,49,1970,8,7,32,41,1359,23,395,82,120,106,23,27,673,147,26,75,13,122,NA,22,122,19,248,NA,33,703,117,82,65,192,12502,196,202,693,13,9,296,136,103,108,27,213,255,25,21,59,59,11,21,14,57,76,136,384,86,76,91,60,78,5,80,13,503,20,15,123,877,86,10,64,246
2001-05-01,45,2082,16,17,27,40,1428,16,386,116,115,127,22,27,753,196,40,80,17,147,NA,32,128,23,282,9,50,843,130,66,77,177,14027,196,234,734,20,12,374,164,118,178,41,243,318,27,24,68,85,23,24,29,36,97,116,462,74,127,107,98,66,5,111,15,578,22,10,156,945,93,10,119,280
2001-06-01,48,1920,10,11,29,38,1238,20,277,97,135,116,28,17,615,173,38,75,9,138,5,24,122,25,241,NA,62,750,103,90,67,166,12651,168,243,679,9,9,344,129,117,134,24,235,257,41,29,46,72,17,18,17,41,62,106,406,65,78,78,87,77,6,117,9,470,33,12,94,1067,99,8,98,228
2001-07-01,45,2040,14,19,19,28,1446,24,361,122,137,120,27,37,705,195,60,83,9,155,NA,31,129,31,291,NA,62,749,117,87,77,192,13962,174,256,782,17,5,365,155,100,125,32,232,384,33,25,53,83,14,21,14,39,95,150,523,100,109,104,84,84,NA,98,19,479,15,15,155,930,91,9,96,289
2001-08-01,34,2250,12,9,50,35,1350,12,299,108,138,112,26,32,780,171,40,71,14,135,NA,27,121,26,274,NA,52,792,150,63,80,182,13773,177,252,783,16,10,321,166,111,100,32,249,336,61,25,57,94,12,22,23,41,93,157,375,83,86,115,89,82,NA,129,16,536,26,10,131,913,64,15,88,204
2001-09-01,36,1936,15,15,39,22,1136,10,397,90,142,108,18,22,576,194,32,76,15,150,NA,17,125,12,262,8,49,788,121,63,53,169,12263,171,199,672,8,10,329,150,114,77,30,210,369,24,18,38,61,13,17,13,42,71,134,394,63,70,78,56,68,NA,89,15,505,18,10,84,795,70,11,94,206
2001-10-01,39,1935,13,12,22,38,1339,24,340,122,135,130,28,28,625,195,35,93,12,105,7,36,156,25,211,5,68,691,117,78,55,178,12999,196,223,775,20,10,294,141,110,115,31,249,278,45,26,77,74,13,22,23,35,91,147,421,90,80,84,67,81,6,118,14,524,32,16,152,863,82,9,86,233
2001-11-01,40,2121,6,20,45,39,1393,19,407,125,129,119,22,33,778,200,52,79,11,149,6,26,119,26,271,6,58,818,118,64,49,169,13709,154,221,750,9,6,376,136,127,144,31,249,297,47,23,56,66,13,15,22,43,70,136,396,93,99,76,79,77,NA,111,11,526,25,14,132,965,102,9,90,232
2001-12-01,43,1867,19,10,35,27,1231,13,543,82,162,103,23,21,636,158,34,71,9,163,NA,30,113,23,198,NA,46,754,123,81,60,167,12382,157,224,712,11,10,449,136,106,107,18,210,257,15,11,48,68,6,20,13,34,68,140,409,62,79,80,58,84,5,89,8,417,20,10,104,801,77,7,77,207
2002-01-01,27,1790,18,16,25,30,1293,18,617,85,74,96,19,31,742,154,35,59,5,158,NA,22,121,9,211,5,39,578,123,84,40,180,11858,161,204,706,13,8,334,113,79,90,15,177,230,29,24,42,66,12,19,19,37,56,91,294,52,86,59,69,61,NA,95,11,439,23,10,93,894,57,13,90,175
2002-02-01,45,2314,15,18,41,37,1725,22,790,103,163,121,19,36,1011,170,41,68,16,221,NA,26,171,21,288,NA,74,885,116,60,78,151,15832,185,221,799,9,8,589,163,100,130,42,239,254,43,33,49,55,13,19,22,45,90,135,457,79,107,99,68,60,NA,137,8,620,23,19,122,1308,95,18,73,281
2002-03-01,30,2135,10,11,27,34,1800,22,777,105,149,139,23,23,937,161,32,103,10,147,9,26,128,21,275,NA,63,705,143,80,71,162,15050,154,201,742,27,12,431,161,115,164,38,253,360,42,28,67,89,13,22,25,36,89,139,450,85,93,120,84,69,NA,127,15,537,19,11,160,1110,97,9,131,263
2002-04-01,29,2014,19,18,19,39,1401,11,454,111,152,111,25,29,731,167,33,80,12,153,5,21,151,17,298,NA,51,801,116,74,59,175,13887,212,231,749,12,NA,362,154,119,172,26,244,300,30,18,68,86,16,20,31,39,76,139,456,64,109,114,76,81,NA,124,14,556,32,10,111,1143,71,7,88,242
2002-05-01,39,2063,29,20,30,42,1471,19,418,126,172,116,25,19,727,197,40,83,13,170,7,33,165,23,285,NA,64,819,153,90,77,186,14510,173,217,879,22,6,376,165,139,184,32,294,311,45,18,48,96,13,21,29,45,77,150,484,97,100,104,90,77,9,124,15,556,23,15,181,959,98,14,103,280
2002-06-01,41,1805,16,6,49,47,1176,12,336,115,113,116,22,31,587,151,40,89,10,144,8,27,133,13,242,5,62,695,119,42,61,140,12020,176,195,636,20,8,256,144,94,173,39,217,307,42,18,68,75,9,19,30,37,71,137,333,82,70,98,64,72,6,106,10,520,13,15,117,809,64,7,95,186
2002-07-01,55,2042,16,24,31,38,1383,18,312,93,133,107,19,48,717,212,33,66,14,189,7,15,134,13,271,8,61,814,118,100,78,182,14040,195,230,750,18,9,443,193,98,217,36,234,261,33,35,60,91,12,25,24,27,97,140,498,69,84,99,75,68,7,120,13,534,24,10,113,939,104,6,124,260
2002-08-01,33,1564,12,11,33,33,1137,16,368,90,139,89,26,18,550,127,27,93,11,121,6,19,79,17,191,NA,48,600,104,68,61,119,11136,155,188,592,15,NA,256,125,91,93,25,201,255,31,24,56,71,13,17,33,39,64,94,300,66,104,86,80,80,NA,95,NA,460,25,14,95,749,75,6,79,243
2002-09-01,35,1942,19,13,36,43,1307,17,427,120,164,117,23,25,643,191,37,81,23,171,NA,29,141,22,274,NA,40,845,123,91,74,173,13074,150,227,622,21,6,337,151,142,105,36,242,332,38,13,60,78,8,17,33,38,87,143,400,90,93,99,85,71,5,96,15,496,49,10,129,871,74,10,85,243
2002-10-01,34,1903,14,12,42,35,1261,19,390,100,115,116,17,28,551,195,38,78,12,135,10,35,135,17,274,5,51,697,107,78,55,156,12226,168,188,630,20,NA,336,164,117,144,25,221,280,24,22,52,69,11,18,37,39,76,105,415,72,77,101,68,64,6,124,12,468,26,9,127,765,79,13,61,245
2002-11-01,43,1735,22,8,43,35,1358,15,468,136,147,125,19,33,586,179,34,101,5,184,NA,19,134,17,226,6,34,764,132,71,56,208,12848,179,213,640,13,7,355,159,104,165,30,254,332,27,27,57,92,17,28,21,44,71,130,378,77,97,100,80,82,7,90,13,513,28,9,117,878,81,12,139,201
2002-12-01,41,1928,10,11,45,44,1324,13,423,109,133,103,23,21,810,193,42,75,12,165,5,19,137,15,261,8,64,854,106,77,61,167,13057,193,259,652,11,5,412,184,120,138,30,224,295,26,21,53,41,11,14,29,24,67,109,360,57,94,97,67,73,8,116,9,488,37,9,109,884,80,17,101,213
2003-01-01,37,1756,8,15,35,23,1373,18,618,92,131,107,45,24,767,176,28,43,6,149,9,15,88,17,235,6,48,722,104,61,71,161,12465,170,292,636,8,NA,306,118,99,112,28,223,306,26,27,39,67,19,32,18,39,71,106,429,50,94,89,53,61,NA,93,12,409,31,17,82,859,83,16,76,237
2003-02-01,54,2470,20,16,29,53,2073,22,806,110,164,120,34,34,1021,214,38,112,11,288,12,41,162,23,368,10,77,867,128,110,73,196,17613,216,257,827,14,7,683,161,161,188,24,311,326,27,34,59,108,21,30,28,40,63,147,509,88,109,115,94,68,6,130,18,616,47,12,186,1600,93,23,80,299
2003-03-01,36,2121,18,16,39,54,1610,19,777,132,140,125,29,18,839,166,37,91,9,138,7,51,122,15,266,6,73,826,112,58,61,209,14717,182,213,712,9,10,487,129,135,160,39,266,333,44,34,77,53,17,22,26,39,89,132,436,89,107,115,93,81,6,111,13,507,34,12,98,1163,106,14,89,195
2003-04-01,37,1696,14,9,36,53,1270,18,465,116,149,92,30,20,541,162,28,88,14,178,7,21,131,16,222,NA,43,773,105,68,56,126,12070,158,170,638,12,NA,288,148,103,148,24,225,237,23,36,52,89,14,23,26,30,85,161,423,64,79,79,72,67,5,91,8,462,35,16,93,861,77,6,93,226
2003-05-01,54,2292,22,17,39,52,1666,30,474,127,139,140,26,41,724,226,39,95,21,171,10,44,170,15,347,8,74,910,133,90,67,178,16241,230,250,881,14,7,509,200,136,231,38,323,320,43,33,58,119,15,20,23,43,103,146,583,105,129,100,104,104,10,149,25,596,32,15,151,1363,149,15,121,259
2003-06-01,39,1667,16,7,24,36,1179,19,375,118,136,99,29,26,564,150,42,67,14,169,8,27,114,20,201,7,61,721,126,63,67,163,11568,169,219,637,16,11,234,127,91,223,16,233,285,41,16,53,48,17,26,33,25,72,112,360,77,79,73,79,62,NA,104,11,433,26,20,95,677,77,12,72,212
2003-07-01,64,2466,25,20,62,38,1655,20,451,120,146,133,38,40,755,246,48,91,13,198,9,26,166,20,329,7,65,1023,111,73,76,254,16285,225,242,942,14,11,429,191,145,164,35,308,337,53,29,59,76,21,33,29,40,93,147,594,102,109,132,108,80,11,129,16,654,38,10,141,1158,95,27,121,291
2003-08-01,42,2170,14,19,31,49,1341,24,444,112,124,112,29,33,687,187,26,118,13,186,NA,34,130,15,262,6,61,886,136,88,65,191,14211,225,277,734,15,7,359,183,114,155,36,298,278,30,28,66,68,14,24,35,40,99,144,469,97,117,90,79,66,10,128,18,501,49,18,154,1050,110,19,119,225
2003-09-01,43,2032,24,11,46,49,1464,14,572,126,118,128,28,42,679,222,35,107,14,191,16,24,154,20,246,7,56,897,107,83,54,215,14093,196,213,806,11,9,279,153,108,110,40,254,309,20,28,62,121,19,26,17,42,89,145,519,77,94,108,74,63,9,115,15,546,51,17,128,913,91,22,98,252
2003-10-01,41,2023,23,6,26,42,1516,24,457,118,146,109,34,29,631,198,43,97,16,188,6,32,160,17,264,6,72,900,110,51,67,190,14043,158,218,767,16,7,347,169,138,154,33,266,301,23,21,56,90,7,31,20,51,108,137,534,60,137,86,94,76,17,109,8,525,37,16,150,957,101,14,83,255
2003-11-01,56,1885,10,8,28,24,1353,20,481,120,164,105,17,36,591,231,52,91,18,160,16,19,125,21,268,NA,61,842,107,70,72,173,13289,165,208,716,10,NA,384,154,114,173,33,249,283,45,23,50,45,17,21,22,55,80,142,447,91,84,104,94,78,14,91,9,539,46,21,148,893,97,14,68,223
2003-12-01,48,2229,23,32,50,43,1678,20,654,105,166,125,26,28,815,187,41,84,15,200,14,25,177,23,243,7,67,857,136,69,83,188,15022,176,242,753,21,11,441,165,113,185,27,261,311,23,35,62,93,19,28,31,38,91,119,484,76,122,105,83,78,7,100,13,595,54,10,130,974,88,13,85,287
2004-01-01,38,1731,19,13,35,37,1368,18,649,85,91,105,38,46,808,158,36,82,14,160,11,39,113,20,217,NA,42,727,86,69,49,175,12537,160,228,683,5,6,296,96,109,148,28,226,218,40,25,54,63,19,25,25,31,67,109,390,52,98,66,60,45,12,87,14,413,50,14,105,1057,66,10,66,179
2004-02-01,45,2282,18,16,14,36,1765,29,693,100,142,101,30,30,856,166,36,88,14,263,7,31,152,22,282,5,66,805,108,79,44,163,15092,191,190,795,15,9,489,132,121,129,20,236,264,38,22,51,66,16,23,30,30,85,119,416,76,101,70,84,59,7,126,7,544,44,11,129,1460,99,18,61,215
2004-03-01,51,2654,10,12,38,51,1881,17,874,137,161,121,36,25,880,178,41,104,11,210,9,35,169,29,298,8,81,976,108,93,50,186,17465,208,243,940,24,13,594,168,126,168,50,296,356,36,39,65,90,29,20,33,45,97,131,574,110,105,124,107,76,5,119,22,685,45,17,191,1427,97,22,129,292
2004-04-01,60,2108,23,12,12,33,1438,24,485,134,154,99,36,30,679,121,38,89,20,179,9,34,137,14,266,8,51,884,117,65,53,165,14386,185,199,742,17,7,388,154,115,160,49,299,308,39,35,70,94,16,31,25,48,82,139,423,99,111,87,87,68,6,101,23,607,32,18,162,1324,113,9,110,222
2004-05-01,53,2099,21,14,42,38,1395,22,421,138,148,124,27,35,618,186,35,97,13,204,13,33,137,15,263,NA,68,959,111,71,51,188,14047,180,215,789,23,11,378,158,129,223,34,280,265,32,28,53,80,12,28,20,33,102,133,548,75,81,76,87,58,10,77,10,559,51,12,135,941,89,24,82,283
2004-06-01,49,2021,29,14,30,34,1354,23,326,107,120,100,35,23,614,154,36,97,17,144,12,28,140,20,238,5,61,854,101,83,64,190,13385,182,214,660,11,NA,299,149,119,214,35,262,282,40,34,59,82,15,24,20,48,107,151,490,72,112,121,83,76,7,120,14,550,32,19,132,943,105,8,114,249
2004-07-01,42,2137,29,17,29,38,1437,18,386,110,162,98,26,39,726,195,48,94,25,209,11,39,138,23,260,10,48,867,131,83,58,187,14174,243,252,758,10,5,330,145,111,163,31,268,324,38,35,57,79,17,36,33,53,120,134,436,98,115,96,79,82,6,106,23,556,36,19,159,946,103,14,105,230
2004-08-01,49,2325,20,16,35,32,1295,15,501,125,154,113,24,30,727,174,26,95,10,249,9,39,156,30,236,9,64,810,113,50,59,200,14283,205,258,777,31,NA,365,117,116,127,34,305,327,36,34,81,101,16,40,36,22,91,147,471,88,80,71,82,68,12,101,17,605,61,13,113,982,100,15,105,237
2004-09-01,50,2177,16,12,20,37,1286,27,519,111,130,117,32,30,591,180,36,96,22,199,10,42,144,22,264,7,49,810,98,74,63,160,13474,210,235,758,15,8,324,143,124,84,25,299,247,29,32,44,96,24,35,29,48,88,130,469,87,78,94,86,53,11,107,12,515,33,19,160,833,96,11,88,263
2004-10-01,35,1723,26,11,24,36,1203,13,494,92,110,79,32,23,583,135,38,84,15,178,7,15,128,14,205,7,40,765,118,60,51,156,11717,181,198,628,14,NA,280,140,82,133,36,234,286,15,32,50,55,7,15,26,22,72,93,406,55,97,60,76,59,NA,80,10,460,40,15,82,811,64,11,81,203
2004-11-01,64,2269,21,15,45,40,1509,19,616,133,158,112,31,32,758,213,29,80,18,230,14,31,130,29,223,8,74,946,107,73,75,176,15086,199,212,855,19,11,427,188,96,198,25,303,311,40,34,48,97,18,35,24,57,101,142,510,98,86,80,103,94,11,133,10,569,42,18,149,1042,87,12,85,233
2004-12-01,48,2141,27,21,39,37,1555,13,621,96,183,122,36,38,757,184,29,81,14,207,5,33,180,28,228,6,58,934,111,82,56,194,14598,202,252,784,19,6,445,148,127,166,33,261,247,37,69,58,95,15,24,29,38,89,127,449,77,86,89,71,51,9,117,19,551,54,16,180,956,81,13,95,247
2005-01-01,31,1853,13,9,22,31,1223,17,537,86,90,83,32,22,722,92,26,64,17,123,7,25,93,19,181,5,37,686,76,59,42,130,11467,161,171,705,15,6,312,95,59,132,14,195,267,20,26,55,63,14,15,13,23,71,81,351,55,90,66,45,59,11,88,5,417,36,13,107,853,60,10,77,158
2005-02-01,56,2094,20,15,12,27,1660,24,661,96,124,96,29,28,773,139,14,80,13,223,8,33,131,13,238,7,57,674,87,55,56,141,13853,160,173,718,23,11,372,116,112,127,28,253,261,33,25,55,59,14,26,16,34,81,78,433,70,85,93,83,87,NA,89,20,471,45,14,141,1374,71,12,72,230
2005-03-01,59,2605,25,22,44,63,1791,19,783,130,168,141,27,34,848,170,28,98,21,160,13,29,152,17,230,NA,56,831,103,62,56,165,15678,183,220,766,23,6,505,128,109,153,41,270,332,36,32,69,51,17,25,22,39,79,131,421,75,91,87,89,70,7,101,20,565,30,27,133,1300,100,16,102,254
2005-04-01,45,2291,19,14,23,40,1532,13,510,118,162,141,34,30,739,161,33,97,12,216,13,31,143,27,234,8,58,867,128,74,59,183,14896,208,226,852,24,7,534,141,115,159,28,300,324,41,38,46,84,22,23,20,30,83,132,506,100,127,89,86,87,7,111,17,620,50,14,173,972,90,19,120,216
2005-05-01,47,2241,27,19,37,47,1548,22,406,132,137,124,33,38,677,186,41,83,25,214,NA,34,169,21,255,7,76,928,113,94,55,198,15310,224,231,884,22,7,332,173,122,244,29,278,299,36,35,83,82,31,26,25,45,91,143,498,102,103,109,95,83,10,108,19,599,23,12,159,1457,107,18,77,250
2005-06-01,80,2425,22,15,42,57,1594,22,442,139,220,119,44,30,807,235,49,96,24,232,15,44,152,22,297,7,91,1118,168,67,66,229,16683,229,265,917,20,18,363,168,133,288,47,388,385,31,33,81,122,19,30,23,39,127,177,581,114,125,124,129,94,6,161,14,710,56,31,137,1013,119,18,94,283
2005-07-01,52,2102,15,9,19,34,1323,25,316,98,123,139,23,29,681,179,26,81,16,182,5,32,129,16,224,8,40,823,138,62,70,168,13213,163,252,703,19,13,330,147,97,178,39,263,268,27,47,72,51,29,29,26,57,110,118,414,89,77,74,70,78,6,103,15,512,46,13,142,870,80,13,127,259
2005-08-01,60,2502,34,15,21,35,1487,22,523,129,156,117,35,39,716,233,35,106,21,227,14,43,149,22,251,9,66,901,132,68,50,182,15097,197,224,795,22,16,339,165,113,159,39,328,301,37,38,81,99,14,37,25,38,107,146,521,81,108,83,96,90,8,123,17,610,54,19,137,919,105,14,98,293
2005-09-01,33,2222,26,17,36,43,1295,22,511,140,179,116,23,34,682,161,41,104,17,231,6,22,150,23,250,9,61,901,114,58,55,179,14119,201,254,765,26,10,353,152,104,107,28,311,286,46,32,44,99,17,25,26,41,102,128,477,74,93,81,73,73,6,117,24,550,47,18,148,916,130,25,95,254
2005-10-01,41,2000,18,12,44,37,1377,16,538,111,123,100,27,15,613,148,31,72,16,166,25,36,131,36,229,NA,59,917,119,61,67,175,13334,218,196,765,18,10,346,171,92,139,36,251,294,26,34,64,64,14,26,21,35,104,105,439,76,117,74,77,97,10,98,11,560,53,11,131,791,96,13,81,208
2005-11-01,40,1994,6,8,28,38,1317,20,434,85,97,89,28,24,612,173,25,97,12,185,17,27,122,16,199,5,59,748,91,55,61,166,12397,147,194,608,22,11,382,145,90,172,22,292,278,20,31,45,74,10,22,20,35,68,135,392,68,88,76,82,52,6,74,11,466,30,16,111,808,90,9,73,243
2005-12-01,42,2322,29,5,31,31,1460,28,525,95,179,118,36,30,759,192,25,88,24,186,11,38,151,17,200,NA,67,878,118,55,55,197,14246,192,217,786,15,NA,412,151,110,186,23,292,269,23,46,56,83,13,29,21,41,111,124,463,61,95,87,66,76,10,101,16,542,37,19,117,949,64,20,104,223
2006-01-01,43,2101,24,9,38,23,1350,20,640,110,111,86,26,27,796,163,41,59,17,171,6,20,87,19,214,NA,38,811,113,61,34,159,12909,167,209,667,13,8,284,113,93,118,38,241,265,18,29,51,62,14,19,27,40,68,100,356,60,79,93,71,72,7,96,7,492,35,12,126,966,67,11,101,191
2006-02-01,57,2345,16,17,18,43,1789,22,697,92,137,97,31,37,797,182,26,99,14,238,14,22,125,18,214,NA,57,738,115,78,41,173,14572,150,206,706,28,8,436,123,106,131,30,274,247,31,32,76,50,22,32,27,28,82,109,354,57,84,73,76,58,8,108,13,484,34,16,149,1400,90,15,61,205
2006-03-01,62,2987,18,15,42,41,1814,14,1057,96,145,112,39,21,932,189,34,72,23,238,9,45,143,21,255,7,63,887,97,64,57,200,16971,200,230,928,19,6,457,172,109,188,38,293,250,42,43,62,100,12,40,27,47,102,171,513,102,133,87,86,95,11,102,16,549,44,16,162,1279,104,7,94,236
2006-04-01,60,2413,42,13,18,62,1426,25,540,113,150,105,34,30,690,170,30,119,13,186,5,32,143,21,222,5,67,839,116,52,66,167,13954,189,221,706,25,7,324,125,109,186,28,280,290,20,25,69,75,11,25,29,46,81,99,459,77,86,71,109,67,5,95,11,507,34,14,131,916,89,14,88,236
2006-05-01,46,2167,24,17,37,44,1346,31,391,126,136,103,35,20,688,173,31,64,15,215,10,38,128,24,224,8,54,825,125,64,66,170,13577,204,238,750,24,13,254,129,99,210,30,319,286,25,33,64,62,24,30,20,36,106,147,446,87,120,73,82,82,13,89,21,521,45,15,141,882,104,19,78,210
2006-06-01,55,2396,25,20,20,51,1430,31,416,101,151,117,29,28,644,211,43,107,21,196,16,44,145,32,193,NA,38,915,139,77,79,205,15514,196,254,786,23,12,332,182,100,246,25,287,295,56,49,79,90,22,30,25,29,101,149,488,105,102,75,91,90,7,133,10,578,43,12,163,1762,100,18,122,268
2006-07-01,59,2139,30,11,26,36,1326,19,362,95,132,99,30,28,715,194,37,96,15,157,9,36,142,19,222,6,69,846,104,64,58,206,13388,200,235,654,20,11,293,131,79,203,25,316,286,36,48,64,65,19,34,35,28,100,125,523,75,94,70,83,79,7,98,21,485,38,13,132,827,93,25,98,232
2006-08-01,83,2841,37,16,36,53,1612,24,683,129,184,129,35,36,831,237,51,103,21,278,12,52,157,25,284,5,56,1032,146,99,68,246,17326,253,241,992,21,10,364,192,144,179,34,400,309,42,60,88,93,19,40,31,52,124,182,585,113,127,112,123,107,6,138,21,669,42,18,164,1086,134,17,108,283
2006-09-01,33,1623,16,11,14,45,1053,19,403,83,76,80,22,14,512,123,34,47,8,109,7,37,96,21,121,5,40,633,105,51,36,125,10014,145,162,550,5,10,226,101,48,95,27,217,215,16,25,48,42,6,21,25,23,84,98,362,62,75,45,58,49,NA,82,6,433,28,14,91,588,62,16,64,186
2006-10-01,38,1889,25,15,30,41,1195,15,472,102,138,61,36,18,552,153,27,73,17,173,8,19,109,14,169,9,61,726,94,79,54,154,11363,177,164,575,15,12,252,102,77,73,32,232,275,19,37,54,71,20,30,20,37,78,106,354,76,75,55,65,62,9,80,10,444,28,15,95,610,103,12,70,174
2006-11-01,75,2774,34,11,33,68,1605,35,703,136,184,124,23,37,833,253,43,130,15,248,16,46,189,27,279,14,61,1013,140,72,87,265,17037,219,270,926,28,19,440,161,118,273,41,337,331,34,54,73,78,23,39,27,42,105,189,545,104,125,87,94,87,5,125,19,667,43,20,156,1061,111,32,91,265
2006-12-01,25,1348,15,5,12,29,915,16,247,68,69,69,17,9,423,90,30,51,17,133,9,16,98,14,107,5,41,548,87,36,40,97,8379,105,123,427,6,5,290,86,61,119,15,159,197,24,28,34,45,7,23,8,18,56,92,259,43,43,44,32,49,NA,71,13,311,15,11,86,535,53,11,43,143
2007-01-01,75,2970,30,14,42,53,2073,33,981,140,191,117,57,36,1013,289,43,111,29,247,12,54,122,20,259,8,59,1127,159,93,75,219,18593,248,281,1013,20,9,439,183,138,240,36,368,321,31,59,82,95,26,33,36,42,159,159,563,94,137,108,77,110,9,119,22,659,61,10,173,1129,114,22,114,302
2007-02-01,33,1938,22,12,17,38,1289,17,537,96,127,71,33,32,696,154,16,70,17,192,6,27,140,13,196,6,41,623,65,61,54,159,11974,133,181,627,17,11,304,99,84,122,18,199,216,25,33,65,52,8,17,21,36,78,85,414,43,83,65,70,55,NA,72,11,386,25,16,90,1112,78,9,46,169
2007-03-01,57,3050,22,17,33,54,2028,32,1236,87,140,118,37,23,932,181,33,107,16,277,11,32,129,23,266,5,62,898,136,65,51,208,17529,179,208,888,23,9,414,151,114,219,33,283,308,25,39,62,55,15,30,21,48,81,144,441,99,129,80,92,74,5,135,14,594,39,14,154,1495,84,18,88,258
2007-04-01,48,2357,34,13,32,55,1338,31,552,107,113,68,26,20,779,180,38,71,19,191,10,31,141,21,230,NA,52,800,119,65,65,175,13556,168,229,737,23,NA,305,107,103,155,24,267,251,20,30,74,77,11,33,20,28,100,127,441,87,71,79,71,76,6,85,19,477,30,13,109,915,89,19,89,202
2007-05-01,67,2380,39,18,37,42,1558,41,570,121,159,113,31,33,803,181,37,91,28,206,15,40,155,23,258,5,68,956,150,88,66,237,15491,178,227,824,19,14,358,181,123,210,34,331,304,31,45,42,63,24,30,24,47,104,141,552,111,129,106,103,71,11,138,15,596,50,24,136,978,122,22,82,275
2007-06-01,70,2188,32,14,16,55,1300,22,398,105,129,113,45,26,610,161,35,76,20,172,9,32,134,17,229,5,61,760,139,62,71,161,13107,174,234,677,19,13,294,140,64,193,51,262,247,29,42,86,94,14,43,29,41,73,118,475,84,83,63,99,81,7,119,14,504,30,18,124,756,102,15,83,245
2007-07-01,105,3180,31,17,50,53,2007,26,545,159,207,170,53,36,1075,254,64,160,30,309,9,61,214,38,299,14,63,1262,205,88,81,271,20108,250,384,1057,17,15,453,206,140,349,35,422,416,58,65,92,108,25,38,38,62,131,201,671,131,161,121,128,106,9,148,19,801,75,28,231,1160,130,14,126,350
2007-08-01,71,2380,38,9,18,53,1430,23,613,138,158,121,27,37,815,188,45,102,37,218,10,51,159,21,243,NA,66,892,128,79,79,162,15501,192,273,766,24,15,349,151,93,158,29,322,302,25,53,69,84,20,33,25,30,86,166,515,103,104,74,109,80,6,122,20,531,57,21,127,1468,113,20,112,240
2007-09-01,70,1961,21,13,28,38,1209,27,470,103,150,79,28,33,645,166,25,72,16,193,14,32,125,31,173,7,50,721,114,61,63,168,12207,173,193,626,16,14,230,119,67,93,23,307,230,23,42,62,42,16,35,20,34,91,107,389,52,114,80,58,69,NA,115,8,453,25,9,117,847,73,14,71,241
2007-10-01,61,1847,27,16,30,31,1133,15,465,76,124,73,32,23,602,146,29,104,18,195,5,43,99,20,178,NA,66,770,94,63,47,177,11818,106,217,647,26,15,309,117,87,105,23,233,215,20,42,65,59,12,19,27,32,58,132,432,72,87,77,63,56,NA,115,20,433,32,16,141,733,80,11,63,206
2007-11-01,81,2441,29,19,28,54,1549,25,601,127,147,117,47,25,796,208,41,106,20,214,13,31,167,24,238,NA,55,892,127,51,68,201,15131,200,248,757,19,9,392,176,120,224,33,289,319,26,40,59,60,22,37,22,52,90,120,483,104,94,93,117,75,5,119,18,575,38,13,140,955,81,20,75,265
2007-12-01,55,2125,22,13,25,43,1393,27,520,93,149,91,33,23,682,171,37,77,13,194,8,48,105,16,176,11,49,775,149,65,65,196,13399,195,195,694,18,5,432,142,81,195,26,247,263,28,42,76,70,14,30,21,25,83,131,446,73,95,97,71,80,NA,97,16,471,46,10,150,863,91,13,96,219
2008-01-01,82,2352,23,15,22,49,1550,22,801,109,155,102,26,28,794,171,32,76,24,243,7,35,120,11,221,7,57,851,126,44,59,209,14477,167,244,703,16,13,327,138,103,173,43,214,289,20,50,60,74,16,33,29,37,72,109,449,50,90,81,86,74,7,120,29,516,48,16,150,1011,80,17,83,216
2008-02-01,40,2012,29,11,13,45,1518,25,588,80,94,86,27,16,832,152,29,108,18,185,6,32,126,20,203,7,56,616,99,42,57,154,12777,117,190,662,13,15,355,106,79,147,27,224,187,24,51,65,50,20,31,23,42,77,112,336,77,77,57,66,72,NA,95,14,390,31,12,123,1116,54,10,62,239
2008-03-01,57,2506,41,13,25,49,1628,22,911,106,139,93,36,27,784,160,42,86,21,222,18,35,133,22,195,5,68,734,112,41,52,159,14822,151,166,795,25,7,380,119,104,181,30,244,261,33,40,42,53,22,34,8,20,72,130,485,78,126,83,82,91,9,89,18,463,46,11,126,1210,100,14,103,229
2008-04-01,92,3448,28,21,30,47,2148,29,808,151,221,162,63,37,1025,254,56,120,25,262,8,45,172,34,342,9,87,1091,190,76,86,279,20226,252,337,951,33,14,462,220,144,233,39,356,327,42,60,89,85,33,43,26,59,121,173,698,128,140,117,119,105,19,146,24,770,72,15,179,1501,142,28,126,351
2008-05-01,83,2055,29,21,31,44,1342,29,423,114,151,116,24,12,667,164,45,105,22,163,11,47,147,24,207,8,62,740,133,66,61,176,14110,208,208,776,12,13,310,122,105,223,34,258,243,24,56,56,76,19,34,32,35,99,159,527,95,70,74,81,92,7,138,14,478,45,15,139,1446,111,15,70,269
2008-06-01,76,2311,23,20,28,56,1517,36,414,151,157,125,47,30,809,253,47,99,21,221,11,27,161,20,248,9,48,846,141,79,95,213,15242,227,285,820,22,9,271,139,103,248,30,317,327,35,57,83,108,25,41,28,48,104,151,525,118,115,84,108,87,5,128,15,573,38,11,165,915,114,13,101,310
2008-07-01,73,2325,32,11,34,43,1331,20,405,125,196,129,27,34,739,198,43,101,16,202,14,42,130,20,239,8,66,780,136,84,77,209,14588,202,256,742,16,14,367,160,107,222,28,312,325,39,59,67,82,17,33,32,61,112,140,516,85,105,95,83,90,12,130,23,569,46,23,161,887,99,21,105,256
2008-08-01,60,2126,23,11,34,44,1259,23,491,112,187,130,29,26,658,185,31,79,15,184,12,31,130,16,203,17,65,744,122,60,65,189,13332,180,225,777,13,16,295,124,101,121,38,288,224,31,54,70,61,21,22,35,56,111,118,403,95,108,77,98,87,16,111,14,494,38,24,140,825,111,17,69,263
2008-09-01,61,2302,47,17,22,35,1657,23,631,147,178,156,42,18,727,194,38,97,21,201,16,49,149,19,236,14,57,904,141,83,60,179,15334,220,250,837,21,9,325,141,115,128,27,300,385,39,62,62,82,16,44,27,35,101,157,605,92,87,74,108,119,15,135,18,578,50,14,136,868,112,9,99,310
2008-10-01,70,2398,32,12,35,57,1397,30,676,130,173,117,36,43,738,224,37,108,17,222,11,54,155,29,258,12,58,925,147,63,86,214,15267,194,274,757,27,5,352,169,106,173,32,376,281,26,57,62,73,22,39,22,40,86,135,543,112,105,66,106,87,7,131,7,590,45,20,162,864,111,22,110,307
2008-11-01,39,2043,28,11,26,42,1323,25,566,112,143,101,29,21,678,186,30,95,18,174,11,34,127,20,214,12,67,705,130,63,58,171,13326,172,229,727,6,19,340,98,79,171,28,249,292,27,55,63,84,15,38,27,53,65,138,482,95,97,101,65,81,13,128,18,488,51,20,150,820,84,17,95,244
2008-12-01,94,2050,22,18,11,68,1553,27,572,134,159,81,33,47,664,215,59,104,25,205,16,23,160,15,227,11,73,822,172,70,59,203,14536,173,227,792,22,9,431,161,110,192,32,310,270,28,58,53,70,22,32,21,50,92,151,452,76,114,84,122,106,11,124,17,531,44,11,141,918,100,23,94,269
2009-01-01,46,1948,29,7,54,41,1285,17,594,92,156,121,37,20,713,133,26,98,13,183,9,39,115,13,154,5,43,774,110,50,57,178,12517,166,213,643,12,9,302,163,100,136,28,210,231,22,57,58,45,18,23,27,33,73,101,443,60,85,71,69,72,12,99,16,483,40,17,113,748,84,20,68,186
2009-02-01,74,1996,17,9,22,54,1794,19,770,108,151,94,29,44,773,207,51,76,23,207,8,40,127,15,253,NA,64,640,113,37,43,169,14197,164,195,767,12,20,381,98,94,145,23,233,255,48,56,50,54,9,26,21,43,94,123,414,88,107,82,87,95,6,96,NA,467,48,24,107,1174,109,16,96,233
2009-03-01,80,3465,27,27,31,55,2319,34,1098,130,197,138,47,42,1113,217,53,99,26,267,8,48,194,23,247,15,99,946,185,93,99,256,20239,240,244,929,25,12,516,146,122,201,32,388,378,47,71,72,96,26,38,26,41,79,169,548,122,109,90,102,125,16,145,25,644,59,18,171,1941,112,14,104,318
2009-04-01,69,2304,37,10,32,44,1533,28,643,120,151,105,31,37,790,201,43,119,17,190,8,39,166,23,243,16,75,824,152,97,78,216,15234,197,225,888,31,7,374,124,104,174,40,309,281,33,49,76,78,20,27,24,46,89,131,522,77,110,86,111,96,11,137,19,557,43,11,190,1007,131,12,78,268
2009-05-01,106,3133,34,26,27,77,2202,50,652,166,244,165,63,53,1017,275,52,151,29,313,8,50,213,35,329,21,109,1253,193,62,111,288,20971,301,350,1077,24,24,443,199,153,299,44,412,421,44,84,83,108,28,44,42,54,173,235,799,124,172,128,160,141,26,194,21,792,58,23,211,1296,147,23,137,368
2009-06-01,107,1961,31,16,38,52,1361,24,363,137,155,124,36,22,669,184,43,91,21,187,7,30,127,27,227,8,71,774,154,86,69,223,13739,194,234,734,18,7,277,146,63,292,28,312,267,35,63,64,48,27,35,31,46,113,115,433,94,119,84,107,91,13,118,14,593,53,14,166,838,73,16,94,245
2009-07-01,64,2517,28,16,27,50,1535,21,487,142,153,131,46,34,765,230,41,133,16,229,9,48,139,28,206,11,56,976,164,83,66,226,15782,220,269,767,18,14,339,161,107,277,28,320,347,35,54,95,80,16,33,30,54,126,171,613,109,129,80,80,107,22,143,21,522,53,13,164,938,110,16,106,317
2009-08-01,61,2504,33,20,32,56,1476,28,584,156,195,104,36,33,790,231,47,94,24,213,9,33,159,24,259,15,64,865,125,95,83,220,15734,215,251,868,20,13,374,177,100,156,43,319,309,37,49,93,83,17,35,28,47,106,171,529,84,89,103,113,83,17,155,22,629,60,22,176,943,113,22,98,297
2009-09-01,77,2054,23,13,34,36,1360,18,515,128,139,121,40,29,658,164,38,101,8,194,6,45,137,16,190,10,53,698,148,68,84,176,13090,175,213,688,21,6,290,130,78,121,35,284,220,28,37,64,66,19,31,28,43,87,106,521,68,115,72,118,90,21,131,14,525,26,10,133,667,102,13,73,238
2009-10-01,75,2259,38,19,27,39,1426,23,552,126,184,119,45,28,653,209,46,144,16,201,11,42,163,27,238,13,63,846,140,61,90,229,14704,196,291,753,17,27,393,164,85,122,23,331,278,59,58,64,65,11,52,20,44,107,124,487,129,92,85,115,96,5,138,15,570,52,17,150,849,125,16,97,230
2009-11-01,87,1748,26,11,22,46,1257,23,525,132,109,82,27,16,621,194,39,85,20,170,7,28,128,34,182,8,50,663,135,83,50,187,12110,153,161,598,21,15,276,139,69,233,24,224,244,25,37,73,74,23,42,27,34,74,130,445,66,80,70,94,59,8,100,13,456,51,12,125,621,90,7,91,231
2009-12-01,73,2100,21,22,37,40,1467,19,557,117,147,126,22,36,727,206,48,83,11,178,13,47,121,18,198,9,61,754,113,47,52,186,13785,202,248,704,17,9,436,118,91,196,37,271,267,30,55,51,54,19,24,26,44,100,150,419,86,97,94,95,72,10,114,13,498,35,10,151,859,99,9,78,241
2010-01-01,43,1902,17,16,32,58,1272,19,738,108,106,107,41,13,635,154,29,93,25,153,8,18,99,24,187,15,47,679,156,73,59,159,12320,175,201,583,21,20,302,118,69,153,36,204,227,25,53,74,64,14,23,27,36,83,92,415,42,56,71,73,70,NA,91,13,429,32,16,126,794,96,26,64,217
2010-02-01,80,2254,34,10,29,40,1543,19,663,90,125,77,23,28,817,148,36,89,23,195,11,21,136,9,172,NA,56,659,94,57,60,153,13251,116,204,632,16,14,349,110,87,133,23,224,242,35,50,74,32,22,22,23,38,46,118,398,64,105,61,76,52,17,112,8,412,40,11,105,1095,76,7,76,171
2010-03-01,100,3593,36,21,29,68,2703,37,1305,179,178,143,55,48,1225,272,68,121,28,364,14,51,178,26,333,9,87,1106,181,98,94,277,22687,227,278,1070,32,22,574,184,145,238,36,330,383,34,75,84,99,24,35,24,53,138,176,634,123,159,108,129,108,10,174,17,687,53,15,180,2402,123,33,121,322
2010-04-01,89,2663,18,10,24,66,1561,20,603,164,142,122,25,31,726,183,37,102,18,220,10,41,140,24,220,9,72,772,144,72,86,199,15374,179,219,731,12,17,336,157,103,166,28,287,287,36,56,66,84,10,34,32,51,99,167,501,88,111,89,72,83,15,157,28,530,52,16,167,1190,106,18,82,299
2010-05-01,82,2102,19,20,35,50,1605,33,430,146,184,130,44,35,701,220,44,101,14,221,8,44,154,24,213,13,65,776,153,74,87,224,14614,240,250,689,22,8,326,153,114,297,38,284,272,28,48,78,94,20,48,24,59,85,153,469,85,85,80,116,101,21,122,14,533,47,18,129,927,112,14,97,262
2010-06-01,86,1993,33,22,20,47,1304,34,416,109,141,98,37,35,622,182,40,87,24,229,9,39,149,21,239,11,58,705,122,49,83,178,13348,209,239,666,11,21,267,152,87,224,42,284,261,42,57,61,68,24,35,35,39,96,145,469,91,89,91,90,101,18,127,15,523,45,14,153,787,98,18,81,251
2010-07-01,102,2396,20,20,24,55,1522,33,438,119,167,133,30,32,694,205,47,113,16,214,7,46,123,31,218,8,81,862,151,99,90,215,15026,180,259,735,26,12,316,169,130,341,24,316,310,64,65,83,90,32,49,27,49,121,121,515,81,104,70,98,94,10,114,25,502,47,12,122,932,100,13,96,260
2010-08-01,76,2330,56,30,32,64,1328,28,690,137,200,126,36,30,808,239,38,129,19,239,11,44,166,25,259,NA,65,819,171,79,96,234,15593,207,266,797,22,10,345,154,98,150,31,371,332,56,59,85,89,24,47,20,47,113,145,505,100,130,93,125,91,8,123,18,556,41,16,203,984,121,15,112,275
2010-09-01,69,2431,40,15,27,42,1378,32,770,151,170,123,45,34,729,224,66,103,22,210,11,27,166,43,258,6,88,870,187,67,83,232,15633,195,290,773,23,21,367,147,88,88,38,309,282,42,53,74,98,25,37,29,26,107,169,559,123,152,95,107,99,21,130,19,540,57,17,160,960,112,23,130,328
2010-10-01,86,2160,33,18,34,49,1678,24,535,106,173,85,38,31,691,199,36,106,18,227,11,41,156,21,196,9,64,842,152,64,78,187,14439,172,207,677,10,5,364,152,116,218,37,299,258,37,68,66,64,18,33,19,51,105,150,509,69,100,88,98,118,14,123,20,459,57,12,169,867,76,24,98,263
2010-11-01,81,2203,26,20,26,48,1612,40,611,147,148,127,38,36,712,236,62,83,21,196,13,40,112,28,215,10,66,816,135,72,75,234,14974,188,308,719,17,11,396,153,91,202,30,302,293,34,52,76,70,27,36,19,24,106,142,489,110,106,63,114,69,11,130,17,521,55,22,156,1061,119,16,74,256
2010-12-01,69,2221,20,11,27,56,1403,29,549,136,132,105,28,27,623,205,37,89,23,205,7,32,126,26,205,14,62,802,146,76,76,176,13910,211,231,694,8,16,343,121,107,178,43,236,194,41,62,49,67,20,30,28,48,114,155,503,59,110,69,78,77,14,125,12,481,52,29,124,941,91,36,84,285
2011-01-01,74,1790,22,5,13,28,1123,23,737,100,117,76,28,41,672,160,30,64,16,146,10,26,99,15,146,NA,46,578,90,38,60,148,11495,163,177,573,21,10,290,114,77,117,18,180,275,27,55,52,55,13,29,21,27,67,111,341,67,52,65,91,66,10,93,7,413,22,10,110,787,78,18,86,183
2011-02-01,84,2059,22,21,35,48,1677,18,683,103,113,107,36,29,772,134,44,113,18,274,11,39,111,15,219,7,62,672,105,77,61,174,14099,210,212,639,11,5,348,85,93,159,33,228,179,28,47,65,42,26,35,22,39,68,95,368,64,102,82,56,67,15,105,19,362,28,9,123,1693,62,14,97,221
2011-03-01,101,3344,31,21,39,57,2074,24,1002,164,223,153,37,58,1322,246,74,96,34,292,17,38,143,25,312,14,68,1003,219,81,88,250,21114,212,351,1042,29,24,447,166,144,236,43,357,380,42,70,74,108,27,32,38,46,116,190,656,96,156,117,130,138,20,161,15,701,85,23,191,2182,109,27,113,370
2011-04-01,78,1889,44,15,22,58,1705,32,507,124,124,90,39,39,677,158,42,105,21,209,16,45,138,34,216,20,59,678,139,78,71,159,13286,173,206,597,18,14,268,120,61,193,22,248,203,38,46,48,64,18,31,24,46,69,114,413,78,107,86,105,87,18,121,11,449,49,13,101,986,81,11,85,232
2011-05-01,116,2101,26,12,37,52,2073,34,504,132,184,130,27,32,769,210,41,121,27,191,15,49,186,21,270,15,63,866,187,69,82,226,15984,246,353,689,17,9,313,138,110,267,28,280,370,26,76,76,72,17,44,33,43,110,136,501,108,106,104,99,141,10,164,17,535,61,12,146,1153,100,22,105,279
2011-06-01,83,2123,19,11,31,48,1401,27,359,115,143,107,28,32,641,170,48,80,24,227,9,36,97,25,241,8,72,685,145,56,79,207,13674,201,232,628,24,25,278,134,65,264,21,285,251,45,50,73,53,10,26,20,55,147,137,500,72,90,107,127,76,17,156,21,476,43,22,146,894,98,10,106,312
2011-07-01,75,2138,32,21,38,39,1424,34,423,139,199,154,45,29,785,227,42,123,18,181,13,44,166,23,209,10,61,819,145,60,85,212,14715,192,247,768,17,6,317,141,98,332,33,326,338,41,57,77,80,21,21,33,40,95,141,542,77,106,94,128,92,19,143,14,506,50,17,123,928,95,10,103,233
2011-08-01,105,2561,45,23,36,65,1629,35,528,154,172,156,38,35,880,260,63,130,18,285,13,50,173,28,262,14,95,929,161,89,85,284,17424,239,338,897,21,22,425,196,134,200,53,336,293,39,68,80,104,23,40,32,56,123,198,613,107,131,136,119,102,25,187,11,600,78,16,205,1153,135,21,133,333
2011-09-01,83,2004,35,11,22,60,1515,27,669,144,198,108,36,41,778,244,57,118,28,247,13,41,135,28,242,9,59,790,166,72,88,215,15086,225,256,749,22,16,362,156,116,131,38,317,301,41,52,63,80,28,35,30,45,110,148,579,110,93,95,114,82,10,160,19,514,74,15,168,899,109,26,107,307
2011-10-01,56,1524,24,9,23,53,1135,16,500,122,117,96,31,26,568,164,49,81,15,173,12,45,141,16,194,8,49,618,135,54,82,186,11528,204,229,495,15,13,332,99,72,142,25,232,269,29,38,65,56,24,35,12,37,92,118,441,60,100,77,83,53,18,102,16,446,28,12,88,646,83,21,63,236
2011-11-01,86,1817,29,20,25,50,1242,23,660,150,142,92,29,27,642,181,46,107,18,157,9,33,134,20,216,11,68,762,131,66,78,198,13295,212,245,668,24,20,343,137,87,200,32,275,245,33,42,51,75,17,36,28,44,91,152,407,80,106,91,94,74,19,112,11,452,54,14,154,862,82,25,95,236
2011-12-01,46,1778,30,12,16,46,1035,29,429,117,121,98,28,30,550,142,29,63,12,166,14,36,108,11,167,8,38,564,97,45,60,141,10732,124,157,524,14,10,326,85,76,140,12,206,195,36,34,70,58,11,22,21,24,72,101,352,58,74,84,94,45,5,99,17,365,21,NA,101,670,67,20,84,191
2012-01-01,103,2092,22,11,21,53,1275,31,902,125,135,97,16,30,801,218,42,93,16,164,8,29,107,23,186,10,61,741,136,52,61,191,13593,196,266,631,18,10,340,125,92,156,25,254,235,25,50,40,54,24,26,16,31,94,156,422,65,83,82,80,59,11,122,7,481,51,10,124,800,104,13,91,272
2012-02-01,67,2315,36,19,33,53,1349,30,770,95,154,90,40,26,757,171,50,91,12,210,12,40,135,11,212,20,56,645,151,78,64,165,14534,171,228,694,23,16,330,112,104,179,29,231,248,22,37,61,84,21,34,26,52,81,117,435,61,121,86,92,52,13,131,17,428,93,8,146,1612,103,15,73,191
2012-03-01,50,2817,28,13,29,45,1716,29,972,131,135,138,31,34,1046,214,34,101,23,267,8,36,124,17,263,12,66,817,172,50,73,201,17525,233,228,757,32,13,420,109,116,208,35,259,334,23,69,74,73,23,33,26,28,112,104,448,87,99,105,96,79,5,108,5,511,47,8,142,2226,129,27,100,302
2012-04-01,78,2657,22,19,29,51,1647,31,622,162,169,127,33,40,955,251,70,116,27,210,10,49,176,21,242,12,79,963,159,94,84,249,17652,245,299,1011,30,13,470,183,120,213,40,343,332,36,57,67,70,27,27,27,61,113,173,612,95,137,96,112,87,13,145,19,602,58,22,182,1460,134,19,121,327
2012-05-01,103,2227,28,22,43,65,1403,34,464,161,172,130,33,28,787,201,41,118,23,208,18,44,152,42,252,14,90,882,163,77,72,228,15537,270,250,775,19,21,329,141,123,300,32,316,295,37,49,84,83,26,33,35,42,124,141,612,89,95,109,132,69,13,168,13,540,66,20,133,1084,132,20,97,294
2012-06-01,83,1814,31,16,20,52,971,31,352,110,153,96,31,32,598,167,36,66,12,162,7,45,120,18,186,12,61,703,123,53,85,157,11811,151,223,565,6,14,259,108,85,221,17,261,234,51,47,51,64,13,34,31,11,95,155,384,71,98,69,106,62,7,105,17,442,45,6,89,771,113,30,79,218
2012-07-01,87,2535,27,22,46,60,1390,31,425,157,203,163,32,44,913,227,69,128,20,268,17,49,164,26,266,5,83,995,192,96,106,250,17105,277,300,855,52,20,368,197,127,424,35,333,303,71,54,70,96,27,42,25,60,129,191,672,91,138,122,110,91,15,175,34,590,74,16,163,1098,116,21,116,310
2012-08-01,100,2589,39,20,40,51,1371,37,567,167,192,163,36,36,852,227,54,128,15,223,18,40,144,25,291,8,73,952,157,66,111,259,16681,252,291,916,23,14,362,162,99,171,44,330,423,45,50,86,91,10,40,23,40,112,175,630,90,123,99,135,80,9,170,14,548,62,26,164,1082,135,28,151,325
2012-09-01,79,2048,12,24,34,43,1137,16,516,140,122,113,28,26,624,198,44,96,16,140,9,30,133,20,175,10,42,734,147,60,70,178,12814,230,206,672,28,14,260,116,101,117,26,263,274,31,45,79,67,13,32,27,41,99,130,395,78,104,100,79,53,17,103,15,464,29,12,143,788,99,15,112,273
2012-10-01,69,2141,50,13,17,59,1218,34,544,131,159,123,29,43,757,180,50,113,18,215,12,36,136,21,190,15,73,910,142,69,78,189,14198,224,249,736,23,10,304,159,94,199,30,279,229,35,38,65,80,20,37,29,49,119,153,517,81,108,76,113,68,19,114,22,482,59,10,125,868,112,21,107,301
2012-11-01,81,2084,17,14,27,53,1041,29,620,144,168,119,27,21,681,200,37,96,16,174,19,59,126,23,267,18,57,767,142,81,76,215,13741,252,243,685,15,12,399,140,92,174,21,255,267,27,47,86,69,19,41,29,22,94,142,426,97,94,111,99,77,7,145,20,452,51,NA,124,887,125,27,96,270
2012-12-01,55,1376,20,9,14,41,807,16,400,86,76,69,25,35,421,106,27,50,9,111,NA,25,90,5,118,7,48,531,103,36,46,107,8755,142,138,385,9,9,222,62,38,152,32,160,200,23,44,47,32,13,16,20,34,60,68,296,64,79,43,56,45,7,77,NA,343,32,15,94,542,67,8,57,149
2013-01-01,88,2638,37,23,33,57,1430,22,1196,159,203,115,28,61,953,244,59,106,18,206,9,44,173,15,244,13,67,977,139,82,89,234,17556,226,296,967,35,14,443,135,135,228,40,273,314,31,65,77,77,23,34,28,40,124,179,572,87,129,99,112,76,9,153,32,598,64,11,151,1378,122,24,90,302
2013-02-01,72,1959,19,9,23,45,1202,26,617,95,105,113,13,7,839,174,26,59,12,137,8,30,123,13,195,10,52,662,99,53,68,129,12884,210,173,633,25,8,324,70,72,102,25,233,258,24,39,46,46,11,31,21,25,68,123,389,59,102,68,88,40,17,118,5,419,43,11,98,1498,83,12,77,195
2013-03-01,59,2535,26,16,19,45,1163,22,810,92,129,101,39,33,863,164,36,79,14,208,9,29,82,22,221,9,62,635,125,64,80,183,14007,182,180,629,21,NA,389,98,83,170,45,196,198,16,42,62,62,19,33,33,46,75,101,381,57,96,65,85,57,7,93,13,424,44,8,130,1509,87,16,80,197
2013-04-01,80,2529,38,18,35,57,1437,14,566,159,166,130,28,28,909,200,60,106,21,180,12,55,140,35,277,15,68,849,146,105,87,193,16492,249,269,953,21,19,451,157,100,190,36,285,340,40,67,50,83,22,30,21,57,117,176,518,96,96,106,126,91,24,134,13,551,61,20,153,1423,126,29,133,316
2013-05-01,90,2767,31,22,34,55,1451,39,598,177,192,128,48,45,842,260,61,125,26,263,11,59,171,26,278,17,76,1017,196,90,91,214,17967,296,303,900,23,22,314,185,136,295,29,349,317,55,65,95,71,21,52,35,68,123,218,670,93,134,125,138,81,26,188,27,732,80,19,174,1409,150,21,109,319
2013-06-01,39,1760,32,14,25,40,960,19,308,96,123,110,28,21,478,124,31,79,5,140,8,21,111,22,183,9,58,778,113,56,73,153,11253,177,178,611,14,16,252,118,89,219,16,195,268,30,51,40,53,9,34,10,27,90,95,430,78,93,71,74,76,8,114,12,451,39,16,83,695,76,18,76,234
2013-07-01,93,2273,34,18,42,44,1161,28,432,127,174,153,37,36,791,207,59,88,22,157,6,42,124,24,247,9,52,867,150,62,75,197,14662,241,202,758,30,20,297,134,107,343,35,292,249,69,59,74,68,18,31,28,54,108,175,541,92,116,90,113,61,15,140,22,583,67,22,168,882,128,21,111,267
2013-08-01,84,1998,29,17,20,46,1147,26,406,131,138,100,25,29,564,154,41,84,15,159,8,43,88,28,161,NA,53,743,97,70,86,152,12520,205,208,696,15,11,287,140,71,121,22,277,296,25,41,68,73,14,35,27,30,85,135,437,57,93,80,88,56,12,122,16,493,37,13,144,798,92,13,95,245
2013-09-01,46,2129,19,9,30,36,1040,21,482,111,163,127,39,35,649,177,49,89,19,197,15,41,131,14,193,11,61,860,133,78,75,202,13230,241,230,724,23,9,293,140,79,87,28,270,255,51,48,55,61,24,42,20,33,111,134,489,79,81,80,97,74,7,109,13,475,55,8,99,797,127,22,113,265
2013-10-01,67,2126,26,18,28,49,1122,32,664,138,127,116,34,32,683,194,38,90,18,176,11,38,154,26,210,11,52,883,119,68,84,185,13714,238,226,688,20,16,286,173,76,119,35,272,264,36,70,61,71,11,40,31,30,104,141,485,105,89,86,102,79,19,118,21,549,53,22,103,794,112,21,86,242
2013-11-01,75,2924,33,15,31,57,1510,24,729,172,199,160,32,34,834,240,47,136,16,209,19,26,191,26,252,12,79,1158,163,68,91,260,17803,262,295,947,27,21,473,189,114,256,45,319,345,31,85,81,78,22,50,27,61,137,188,565,91,117,100,132,91,20,162,15,687,72,22,168,1078,147,25,133,303
2013-12-01,66,1642,35,18,9,38,1103,16,497,111,120,117,25,28,606,162,42,72,NA,124,NA,28,82,11,198,5,57,696,101,68,60,154,11398,196,159,597,23,5,287,88,64,175,32,224,229,19,40,38,57,13,33,18,24,75,138,411,48,86,71,78,55,9,77,10,372,35,10,110,753,104,19,63,255
2014-01-01,61,2146,26,10,23,29,1248,25,936,147,137,135,32,22,715,152,32,90,17,175,NA,43,100,20,151,12,58,817,97,42,64,178,13522,245,232,717,17,7,289,153,87,165,27,247,230,30,65,55,55,14,33,20,31,109,100,360,70,78,57,88,90,16,130,13,488,42,12,133,834,97,19,89,233
2014-02-01,78,2427,16,13,27,38,1435,19,746,83,139,138,29,44,851,170,38,115,16,181,11,37,134,16,227,6,57,702,139,107,67,195,15044,171,196,774,21,15,436,127,87,160,34,247,286,41,75,72,41,19,31,22,48,72,127,437,71,98,60,116,82,18,108,9,429,59,15,132,1625,86,19,84,193
2014-03-01,76,2982,31,9,21,51,1577,28,867,155,167,145,37,21,1045,206,50,83,20,251,11,30,160,25,247,7,77,877,133,52,71,185,17298,235,249,894,20,18,405,146,107,151,28,262,282,29,75,63,80,18,24,27,37,91,128,408,70,91,92,117,98,11,120,24,554,56,7,141,1939,112,11,115,266
2014-04-01,64,1925,28,11,17,33,1080,25,404,83,78,97,16,34,552,121,22,68,8,129,6,35,80,15,296,5,47,601,89,55,52,111,11312,191,148,605,20,NA,276,94,74,123,31,192,254,18,55,60,54,8,13,17,34,82,87,302,60,94,78,72,69,7,72,11,414,37,11,108,968,87,22,66,208
2014-05-01,92,2645,36,18,19,48,1586,45,468,172,179,149,25,41,909,234,54,94,17,188,14,43,176,31,234,14,64,1116,160,74,96,249,17265,296,261,960,26,29,308,191,127,269,21,323,302,52,89,75,94,29,34,33,39,126,175,613,131,108,129,144,99,16,124,17,696,71,21,155,1192,146,15,114,325
2014-06-01,83,1914,28,14,27,47,1040,22,308,171,136,114,41,35,642,164,28,90,14,127,11,43,112,32,188,7,57,756,97,39,70,175,12172,203,207,571,17,11,250,113,86,192,39,268,276,26,58,62,72,19,37,21,51,100,111,397,59,93,70,85,65,10,119,NA,455,42,19,107,779,77,14,113,242
2014-07-01,110,2215,19,22,20,51,1487,28,426,123,172,139,28,21,749,197,40,106,27,210,9,31,164,18,253,13,72,881,109,92,102,199,15171,250,203,899,22,22,352,184,106,325,36,287,294,49,67,75,79,25,38,27,34,99,163,499,81,99,96,107,101,17,125,13,590,62,22,120,947,103,20,117,281
2014-08-01,70,2210,37,14,22,25,1227,26,459,145,124,152,24,37,669,175,28,76,18,179,9,35,125,22,196,9,66,890,135,81,73,196,13797,231,234,835,18,8,303,109,83,144,37,277,288,81,66,72,73,24,37,23,61,72,132,380,84,102,81,114,106,14,114,14,481,30,11,158,848,97,16,94,291
2014-09-01,90,2377,34,14,22,34,1444,27,662,120,190,130,43,35,792,192,42,102,13,193,9,40,159,23,249,7,72,986,117,65,72,218,15693,204,264,862,22,17,331,176,109,167,29,307,354,25,78,79,76,25,41,13,48,152,190,544,101,114,96,104,104,18,131,25,674,59,20,156,899,114,21,112,259
2014-10-01,69,1988,30,10,17,32,1199,24,456,129,105,119,29,26,606,202,47,72,15,171,11,42,115,21,178,15,77,732,123,49,46,155,12422,174,219,676,23,17,251,120,58,209,30,254,241,35,63,43,50,15,46,19,56,93,118,333,73,77,83,102,82,8,114,21,479,52,12,146,694,83,33,98,212
2014-11-01,73,1937,21,20,29,41,1268,22,574,143,129,102,33,26,589,203,31,109,23,143,7,34,132,16,248,9,68,830,113,105,81,167,13525,214,211,732,23,18,370,166,92,187,42,237,278,48,69,83,65,20,42,25,50,88,151,370,77,77,78,89,76,16,136,11,532,39,16,152,865,86,17,108,243
2014-12-01,74,1633,20,8,10,29,934,10,492,72,97,112,21,24,524,132,28,70,9,97,8,34,112,20,146,NA,41,653,103,38,53,170,10456,169,173,592,13,8,225,108,48,132,22,219,210,17,64,58,51,20,32,18,29,74,116,295,45,66,74,84,69,9,93,11,364,43,16,95,717,65,NA,72,158
2015-01-01,60,2294,29,12,41,41,1673,22,1194,87,153,106,35,32,859,209,34,101,19,192,7,45,129,27,240,8,66,876,109,45,76,183,15822,190,249,795,18,20,340,162,114,205,34,302,300,44,90,49,77,30,36,26,47,90,105,477,49,120,83,114,103,19,122,13,571,60,20,143,1138,97,25,95,246
2015-02-01,41,1910,15,10,14,34,1199,22,514,91,114,105,35,31,759,155,35,59,9,159,10,30,108,17,147,10,32,607,89,76,54,158,12193,175,186,688,22,11,292,108,76,130,28,194,192,19,71,49,35,9,28,17,24,65,67,277,50,69,51,86,67,14,98,10,424,29,6,94,1443,82,9,66,182
2015-03-01,95,2982,33,10,28,47,1906,32,886,155,153,115,22,42,1164,224,25,96,21,224,9,47,172,23,311,19,61,895,106,66,74,224,18283,214,196,872,27,11,424,181,126,179,29,245,299,27,107,67,55,8,31,16,49,88,157,517,82,88,114,129,89,13,109,14,607,47,10,184,2147,90,20,102,246
2015-04-01,71,2557,33,21,30,43,1388,17,460,109,165,115,31,37,778,178,45,63,18,122,6,46,121,23,237,6,43,840,80,88,61,163,14607,232,216,830,17,6,338,152,109,195,26,328,244,29,69,87,63,21,28,24,33,103,113,469,70,71,90,107,83,13,110,8,595,62,17,129,1087,102,12,72,252
2015-05-01,88,2223,27,12,25,46,1541,18,410,131,177,138,37,30,810,172,38,76,16,183,8,31,149,23,241,7,41,976,140,46,66,189,14665,205,239,733,27,12,288,140,118,237,33,270,251,34,69,61,85,18,33,16,28,101,167,419,71,139,96,92,108,12,128,22,574,51,32,115,1046,98,16,105,261
2015-06-01,104,2289,39,12,19,47,1474,30,387,137,160,129,33,32,788,212,40,89,15,160,9,50,138,9,243,9,90,1028,128,73,90,192,15467,197,260,886,21,17,321,206,82,303,42,343,310,39,94,86,81,22,40,36,43,108,130,521,90,86,85,138,95,13,141,17,665,49,16,129,1033,110,19,96,241
2015-07-01,99,2236,32,15,22,49,1473,20,375,130,164,109,30,29,799,182,45,87,18,177,NA,43,137,19,254,13,52,940,129,54,76,195,14576,207,233,846,22,17,228,208,93,242,29,309,232,46,90,63,79,14,22,21,22,105,159,439,67,117,93,99,104,17,128,6,597,57,19,133,935,86,24,99,262
2015-08-01,61,2152,28,23,21,32,1312,33,393,127,154,108,37,34,766,181,39,85,23,176,13,40,116,22,181,10,72,782,94,63,66,166,13500,185,207,748,20,11,281,155,86,140,33,237,269,36,78,72,73,14,30,28,41,109,101,457,61,64,68,111,76,11,106,13,578,54,16,158,917,82,18,93,252
2015-09-01,79,2093,24,10,16,42,1361,26,426,138,176,134,31,28,711,190,36,105,15,144,14,49,113,20,191,9,59,947,98,63,69,174,13650,192,222,774,25,14,306,181,77,212,19,288,296,23,72,34,56,19,30,18,46,81,128,425,45,98,88,100,75,9,112,32,565,45,22,129,760,107,18,94,222
2015-10-01,58,2248,42,23,29,44,1356,23,516,148,149,109,27,21,755,196,38,84,16,156,9,49,142,17,153,5,45,906,100,77,94,193,14028,210,215,854,14,18,259,162,79,188,21,308,208,34,98,82,78,13,36,17,45,91,169,386,59,97,83,108,84,18,108,23,614,49,8,127,776,88,24,90,259
2015-11-01,92,1972,23,9,25,45,1329,17,513,122,127,139,25,43,705,192,36,83,12,168,5,48,128,19,214,10,52,864,115,35,47,173,13632,192,225,788,27,19,318,155,88,204,29,285,292,42,88,45,60,13,44,21,34,105,118,385,73,112,90,117,79,13,123,11,591,48,11,108,871,85,33,78,225
2015-12-01,64,1856,23,14,20,40,1225,22,518,102,161,107,18,33,678,156,27,69,19,120,13,25,93,14,170,10,71,706,106,51,62,170,12344,167,197,702,21,5,325,111,73,154,27,253,233,28,77,96,54,21,27,22,28,87,115,420,54,83,70,124,85,7,92,9,479,34,14,92,834,71,26,73,191
2016-01-01,48,1929,31,17,19,33,1433,28,821,90,127,108,25,31,657,189,38,81,15,144,6,41,136,20,187,11,37,882,113,70,64,131,13521,205,242,726,19,18,293,173,86,144,29,240,244,28,107,39,62,18,31,20,33,92,139,445,55,88,81,93,85,7,139,13,533,34,10,104,847,100,27,60,250
2016-02-01,66,2025,39,11,23,51,1474,16,904,111,113,92,37,41,671,150,21,46,15,166,NA,37,114,13,214,6,46,722,66,35,57,137,13277,163,147,710,14,11,297,121,80,121,31,217,165,23,98,87,45,12,34,19,18,82,77,349,49,74,56,62,70,12,98,15,456,37,20,110,1439,64,20,61,191
2016-03-01,108,3354,32,16,30,50,2102,34,846,159,177,119,38,20,1356,198,58,89,22,209,10,54,135,19,316,13,67,1012,115,88,81,213,20010,203,326,1047,10,16,467,188,119,199,38,304,304,40,92,91,70,21,47,33,51,111,166,534,65,133,88,85,89,22,145,14,738,55,19,133,2357,93,16,102,239
2016-04-01,66,2161,44,10,21,32,1468,31,541,93,169,87,25,25,780,164,36,88,14,146,6,39,144,21,248,6,59,891,86,60,70,124,13859,229,188,702,23,13,252,161,80,176,32,288,200,25,84,60,48,18,28,17,26,87,104,370,75,78,94,119,110,12,102,15,507,37,30,116,1221,73,6,81,217
2016-05-01,71,2968,25,17,30,46,2032,23,571,183,193,153,33,54,965,241,42,114,22,188,17,64,191,15,279,25,75,1268,152,129,73,216,18880,258,328,1096,18,17,352,245,129,338,29,420,287,44,112,87,47,15,30,22,53,127,174,614,74,151,91,134,135,16,135,17,831,65,13,139,1224,128,14,112,283
2016-06-01,82,1853,29,12,19,60,1253,22,301,122,135,117,21,35,710,164,29,55,12,151,8,38,124,16,154,6,58,842,75,41,72,144,12227,175,160,621,20,7,241,160,52,176,26,269,273,17,65,36,71,17,48,19,20,87,137,370,89,106,77,88,85,23,105,5,547,45,11,78,785,58,16,85,196
2016-07-01,80,1598,23,NA,17,42,1206,15,323,103,167,100,23,28,597,133,24,68,14,138,11,30,109,NA,163,NA,41,693,109,39,55,128,11010,154,229,511,20,16,213,129,53,214,22,228,179,30,70,74,39,13,31,14,37,71,74,399,45,98,80,94,75,14,85,13,439,20,9,128,649,87,11,67,189
