"Month","Auckland","Bay of Plenty","Canterbury","Gisborne","Hawke's Bay","Manawatu-Wanganui","Marlborough","National Total","Nelson","Northland","Otago","Southland","Taranaki","Tasman","Waikato","Wellington","West Coast"
1993-01-01,233,160,175,141,154,169,152,190,176,146,176,112,150,165,157,206,124
1993-02-01,233,162,182,143,158,166,145,194,174,144,198,119,144,160,157,214,114
1993-03-01,231,164,184,139,159,183,147,197,170,141,217,109,165,157,159,217,124
1993-04-01,230,163,175,146,157,172,147,193,179,143,195,112,153,165,156,213,129
1993-05-01,239,162,178,142,163,157,155,194,176,141,178,117,150,188,160,220,125
1993-06-01,231,162,177,140,163,163,147,192,181,144,169,119,151,175,158,215,123
1993-07-01,241,161,177,144,159,159,147,195,178,139,175,119,149,147,154,214,124
1993-08-01,238,164,171,149,164,155,154,193,173,143,178,117,156,175,155,207,131
1993-09-01,240,163,177,143,168,154,146,195,172,142,180,120,151,169,156,214,120
1993-10-01,241,165,177,154,162,162,150,198,173,144,204,118,148,161,163,209,129
1993-11-01,238,164,177,143,164,166,151,197,178,150,203,123,151,164,161,205,136
1993-12-01,246,167,177,170,164,173,156,203,175,150,202,130,157,168,166,223,137
1994-01-01,248,170,183,148,162,173,154,202,177,155,194,127,158,162,163,221,128
1994-02-01,246,169,186,147,166,182,150,202,178,144,199,125,157,166,160,224,130
1994-03-01,254,165,190,147,164,187,152,207,182,150,211,126,154,177,164,224,134
1994-04-01,251,170,186,155,165,179,162,205,174,152,197,133,154,177,158,223,133
1994-05-01,253,169,180,156,168,167,153,204,174,150,199,127,153,163,164,214,123
1994-06-01,257,174,180,154,166,161,153,204,182,152,187,126,158,168,165,217,133
1994-07-01,259,170,183,158,168,163,159,206,178,149,182,127,170,160,163,223,132
1994-08-01,255,168,178,151,163,160,155,205,179,153,182,132,155,163,165,221,127
1994-09-01,262,173,177,153,168,159,151,208,185,152,183,131,161,170,163,226,129
1994-10-01,266,173,184,151,165,161,157,210,177,157,232,130,162,165,163,218,135
1994-11-01,269,172,188,160,169,166,154,212,186,156,211,136,162,178,166,229,146
1994-12-01,277,174,189,158,167,167,161,216,173,157,193,132,152,173,173,224,149
1995-01-01,273,173,194,157,171,174,157,216,178,157,218,133,169,160,171,228,129
1995-02-01,282,177,197,154,169,176,154,215,180,160,199,145,155,189,173,231,127
1995-03-01,283,176,198,155,173,199,160,221,175,155,211,132,160,165,178,230,140
1995-04-01,284,173,199,159,169,171,152,219,183,158,214,137,158,186,176,227,134
1995-05-01,292,182,194,159,174,169,166,226,191,161,203,131,156,167,176,235,142
1995-06-01,292,180,192,154,172,165,162,220,187,157,198,139,168,169,181,232,132
1995-07-01,292,181,193,159,177,165,164,223,196,154,194,138,155,180,176,232,141
1995-08-01,296,181,198,173,169,165,156,227,201,161,197,135,169,183,176,234,137
1995-09-01,301,181,195,161,174,163,166,228,193,158,205,135,175,174,181,234,145
1995-10-01,301,185,195,154,178,164,157,231,182,157,219,139,160,174,184,235,144
1995-11-01,307,182,200,165,170,176,156,231,192,156,219,134,159,170,188,241,140
1995-12-01,318,187,201,164,171,177,176,242,189,162,219,143,167,176,191,244,138
1996-01-01,314,195,202,167,175,167,157,236,183,166,225,134,178,179,186,247,142
1996-02-01,317,188,208,173,180,183,158,237,186,165,196,145,173,175,191,251,142
1996-03-01,322,186,214,168,187,190,186,245,196,165,221,139,164,189,198,250,147
1996-04-01,327,194,210,182,182,178,165,245,201,170,212,142,174,202,191,247,156
1996-05-01,322,189,204,167,174,168,179,244,192,173,209,136,169,184,193,257,149
1996-06-01,319,190,210,177,187,175,179,244,200,168,203,136,166,202,191,256,144
1996-07-01,320,192,204,163,176,172,168,243,198,173,202,141,165,184,189,254,136
1996-08-01,327,202,206,169,178,164,172,245,195,173,189,140,168,177,190,256,137
1996-09-01,324,195,207,176,179,163,167,247,194,177,210,141,175,184,191,255,148
1996-10-01,333,194,207,171,178,172,168,251,195,169,215,144,171,182,198,264,142
1996-11-01,326,199,208,160,182,180,166,250,197,179,205,138,171,183,197,266,134
1996-12-01,322,202,216,182,190,186,185,252,197,185,213,144,172,201,203,274,132
1997-01-01,323,203,214,174,189,176,171,247,207,178,206,137,169,198,206,262,145
1997-02-01,336,202,218,163,181,185,178,252,196,185,197,153,168,191,206,269,142
1997-03-01,337,198,222,168,177,193,164,255,204,182,206,143,168,185,206,275,145
1997-04-01,334,205,217,170,184,182,171,257,210,185,200,145,164,189,206,274,144
1997-05-01,339,203,212,173,186,177,170,253,207,183,197,144,165,190,198,268,141
1997-06-01,333,204,215,169,187,168,172,256,205,184,192,151,173,197,201,274,141
1997-07-01,327,207,212,171,188,171,170,254,194,190,193,144,165,191,203,271,149
1997-08-01,324,205,210,170,184,174,166,253,201,190,186,142,183,198,200,271,141
1997-09-01,324,208,213,177,181,162,168,253,207,185,194,144,168,194,201,275,147
1997-10-01,324,210,211,162,185,164,171,254,203,189,219,135,177,184,194,265,136
1997-11-01,327,203,215,160,188,178,168,257,196,192,223,139,179,196,208,276,143
1997-12-01,316,207,215,163,183,178,170,253,199,184,199,139,173,202,204,277,142
1998-01-01,323,207,216,157,187,183,174,253,206,184,211,134,165,203,209,277,153
1998-02-01,322,202,220,162,185,184,173,254,207,182,197,132,171,213,209,281,150
1998-03-01,325,204,227,169,183,193,174,258,199,189,213,138,170,197,208,288,137
1998-04-01,321,211,218,163,182,180,179,257,206,187,191,131,173,199,203,286,149
1998-05-01,320,209,211,174,186,167,178,251,203,192,189,139,173,203,204,281,139
1998-06-01,323,208,210,168,186,176,168,253,218,186,193,134,171,192,200,279,134
1998-07-01,315,201,209,162,185,173,174,254,205,194,187,132,174,197,199,291,147
1998-08-01,315,206,205,167,192,170,167,251,199,181,190,135,166,190,202,274,136
1998-09-01,312,203,208,158,185,168,178,251,200,179,187,133,168,192,197,281,143
1998-10-01,311,201,210,164,183,168,175,252,197,186,217,129,166,201,207,279,141
1998-11-01,310,202,206,157,186,178,168,251,195,184,201,125,172,192,203,277,147
1998-12-01,307,201,211,162,182,182,171,249,210,190,194,130,165,205,210,273,136
1999-01-01,313,203,215,173,188,174,161,250,205,184,221,132,169,195,206,286,132
1999-02-01,311,203,220,168,187,191,167,253,192,189,198,130,172,182,211,292,137
1999-03-01,308,202,219,176,184,187,185,250,197,184,213,124,159,190,204,286,144
1999-04-01,311,204,216,162,192,186,172,253,198,183,209,128,167,199,205,283,142
1999-05-01,309,205,208,171,185,179,178,251,205,182,193,135,169,196,206,289,139
1999-06-01,309,197,205,164,181,172,175,247,200,192,212,127,166,188,201,279,140
1999-07-01,316,202,207,162,189,168,178,254,198,184,235,125,170,183,203,284,134
1999-08-01,311,204,206,173,187,172,176,251,199,185,221,124,167,188,199,281,144
1999-09-01,316,199,209,167,186,174,173,255,208,180,217,126,165,187,208,289,141
1999-10-01,310,202,207,169,187,177,170,249,201,182,217,133,170,204,201,278,132
1999-11-01,316,200,210,163,187,185,169,255,195,186,234,124,166,200,197,297,129
1999-12-01,314,202,212,181,186,182,170,253,204,192,232,129,163,214,205,282,145
2000-01-01,306,205,214,167,192,178,176,251,199,189,217,131,162,197,204,294,137
2000-02-01,317,198,224,180,185,183,168,257,212,191,211,122,183,198,209,310,139
2000-03-01,314,203,219,193,187,191,175,255,200,187,242,127,171,191,201,296,142
2000-04-01,320,204,216,165,189,177,183,253,209,182,208,122,160,206,203,272,126
2000-05-01,318,203,211,166,188,181,175,253,210,180,222,129,168,197,201,279,136
2000-06-01,314,204,209,175,187,173,178,251,197,181,205,124,173,206,196,289,137
2000-07-01,317,206,212,175,191,177,175,255,206,185,206,125,167,190,199,288,141
2000-08-01,313,202,206,178,188,175,178,252,195,180,199,119,171,202,196,283,138
2000-09-01,315,203,211,167,182,173,174,252,203,181,216,126,171,203,200,279,133
2000-10-01,310,207,208,177,192,175,179,254,204,186,233,123,169,195,202,289,138
2000-11-01,313,208,212,163,194,189,187,254,207,188,229,126,166,208,198,279,131
2000-12-01,316,205,212,165,187,182,181,254,209,181,221,129,170,202,205,289,132
2001-01-01,322,205,213,172,190,183,170,258,206,190,228,134,161,198,204,292,144
2001-02-01,322,208,223,179,191,190,180,262,208,185,224,120,170,218,205,307,138
2001-03-01,319,204,226,179,186,191,184,260,208,187,236,137,168,199,203,299,123
2001-04-01,323,207,219,177,193,181,190,261,211,187,208,130,172,217,207,296,147
2001-05-01,323,207,216,171,194,179,176,259,213,186,225,134,178,200,206,289,156
2001-06-01,328,209,211,173,191,181,180,259,218,193,225,128,182,198,197,275,140
2001-07-01,324,207,214,165,199,178,192,256,217,188,216,132,177,196,199,287,141
2001-08-01,324,204,214,175,187,179,179,262,219,184,235,132,174,208,202,291,136
2001-09-01,324,207,211,169,184,177,190,263,217,188,253,136,173,223,205,294,132
2001-10-01,332,206,215,194,195,180,189,262,212,189,237,133,179,202,202,287,136
2001-11-01,338,204,221,180,188,191,183,267,222,190,231,130,177,197,205,297,131
2001-12-01,343,213,224,169,196,193,184,270,221,193,238,132,179,220,211,291,139
2002-01-01,340,209,226,166,197,193,190,269,227,192,238,143,168,221,212,301,146
2002-02-01,349,216,233,172,198,194,185,277,220,195,248,141,179,217,210,317,146
2002-03-01,345,209,240,176,205,191,185,273,243,194,255,139,178,226,209,310,145
2002-04-01,350,211,232,177,207,187,204,274,236,200,250,150,185,223,214,278,177
2002-05-01,354,218,236,165,204,182,185,278,231,190,256,155,185,226,211,303,142
2002-06-01,362,213,232,161,198,182,187,279,257,190,234,160,178,234,211,298,140
2002-07-01,360,220,234,170,200,189,204,279,244,194,235,153,185,237,214,297,163
2002-08-01,368,219,226,167,201,183,202,282,235,195,253,161,196,237,208,298,131
2002-09-01,369,216,233,173,201,187,197,283,244,195,262,161,195,219,215,299,141
2002-10-01,370,222,238,179,206,180,205,285,245,191,259,159,192,234,218,296,150
2002-11-01,371,217,241,168,204,192,195,285,258,196,262,164,201,240,216,306,139
2002-12-01,380,222,240,181,205,205,204,292,250,203,237,159,226,250,225,305,143
2003-01-01,380,226,250,185,207,198,211,299,258,211,273,161,386,264,229,310,141
2003-02-01,389,231,258,187,214,200,206,302,266,202,259,178,251,280,232,330,149
2003-03-01,389,233,262,194,220,203,207,303,271,205,266,183,244,251,234,329,142
2003-04-01,391,238,261,188,212,194,222,304,266,216,275,186,203,264,230,316,145
2003-05-01,390,242,258,186,213,177,212,299,263,206,264,181,218,274,231,297,155
2003-06-01,386,233,258,188,223,196,228,301,267,206,267,185,209,262,230,318,157
2003-07-01,388,241,258,200,214,200,220,304,257,208,252,172,210,271,235,313,161
2003-08-01,392,235,257,190,218,185,224,302,270,205,287,181,201,259,240,298,157
2003-09-01,387,241,262,179,218,190,210,302,261,215,299,176,204,255,230,302,156
2003-10-01,390,250,270,203,228,200,225,310,282,213,299,178,208,289,241,319,186
2003-11-01,390,246,269,206,225,202,223,308,288,220,282,191,216,264,238,315,167
2003-12-01,392,251,276,192,231,209,232,310,280,218,280,177,221,273,244,310,167
2004-01-01,395,251,276,188,235,200,239,313,281,221,293,178,222,262,250,328,163
2004-02-01,399,252,284,194,236,206,241,322,280,208,282,187,221,288,255,351,177
2004-03-01,395,249,289,197,230,208,251,319,275,219,286,179,221,287,256,345,166
2004-04-01,396,253,286,196,236,189,236,312,280,220,301,183,204,277,250,283,173
2004-05-01,395,266,278,196,238,201,242,317,273,227,305,184,232,278,252,323,178
2004-06-01,390,261,283,199,239,202,242,316,266,230,296,179,211,256,252,320,171
2004-07-01,391,258,283,205,242,197,251,316,284,227,292,180,219,264,256,328,181
2004-08-01,389,262,280,196,241,201,252,318,279,225,317,181,217,266,255,332,176
2004-09-01,389,262,279,196,240,199,243,318,266,233,337,174,221,271,252,325,166
2004-10-01,392,256,281,199,263,221,247,319,268,240,305,191,225,259,254,330,177
2004-11-01,389,269,287,205,241,217,248,321,292,232,320,207,227,284,258,330,172
2004-12-01,392,270,286,219,246,218,257,321,278,236,316,179,243,267,263,329,177
2005-01-01,394,266,294,217,260,217,267,327,296,228,318,182,238,281,265,345,183
2005-02-01,396,268,297,242,262,219,283,331,282,246,311,176,229,279,270,363,181
2005-03-01,393,262,308,209,248,217,254,330,285,241,317,173,235,264,276,356,181
2005-04-01,395,269,297,204,261,208,259,325,278,245,313,183,247,272,271,339,190
2005-05-01,398,276,291,230,253,212,259,320,280,252,304,191,246,275,267,291,196
2005-06-01,396,271,283,222,258,211,280,325,287,242,314,186,251,271,266,336,184
2005-07-01,396,277,297,222,259,212,272,327,288,259,304,187,243,278,270,336,194
2005-08-01,393,269,285,214,257,215,275,325,269,246,328,178,234,264,263,339,195
2005-09-01,395,272,283,215,256,212,273,328,290,260,342,172,244,281,271,341,196
2005-10-01,394,276,295,222,261,229,269,330,292,252,349,177,237,284,269,336,179
2005-11-01,395,281,302,205,263,237,278,333,284,268,337,180,256,258,272,348,207
2005-12-01,395,285,305,222,267,236,259,334,294,267,312,183,264,281,282,341,209
2006-01-01,403,275,311,220,277,219,274,339,308,259,342,182,247,280,281,361,202
2006-02-01,406,280,313,231,273,231,278,345,311,266,308,187,250,283,293,396,214
2006-03-01,402,287,310,230,265,230,282,340,297,265,301,180,271,273,286,378,193
2006-04-01,408,287,309,236,277,227,274,341,289,270,315,183,260,277,280,364,210
2006-05-01,401,282,303,232,276,227,284,338,296,272,318,183,276,292,284,359,211
2006-06-01,407,299,307,229,289,227,283,335,304,271,320,187,264,290,286,299,215
2006-07-01,407,288,305,236,280,237,287,340,309,273,326,189,260,297,281,353,219
2006-08-01,408,284,302,234,276,231,279,340,293,274,285,186,269,286,282,357,213
2006-09-01,404,290,306,243,274,235,284,342,298,275,334,196,265,276,287,369,211
2006-10-01,409,288,312,222,279,231,298,344,299,279,340,189,285,295,283,360,202
2006-11-01,414,294,312,252,285,244,279,349,309,287,348,194,273,294,289,369,216
2006-12-01,414,294,330,234,278,252,290,351,295,284,349,198,285,301,285,372,214
2007-01-01,414,299,316,261,295,242,304,352,318,286,326,198,278,293,300,382,202
2007-02-01,425,302,330,273,289,246,291,365,333,285,344,202,277,293,302,423,226
2007-03-01,423,297,335,250,289,237,304,363,319,297,304,197,287,294,303,417,232
2007-04-01,424,307,324,255,292,243,295,360,320,292,315,202,302,320,300,392,223
2007-05-01,430,308,318,263,295,246,305,361,315,290,339,201,308,310,307,383,234
2007-06-01,434,310,318,273,292,244,311,362,344,291,335,202,292,293,296,400,228
2007-07-01,428,311,323,264,309,245,311,362,333,300,347,207,301,329,303,386,229
2007-08-01,433,302,321,262,292,244,314,360,318,295,329,204,302,309,308,362,223
2007-09-01,434,313,319,267,321,241,310,366,332,303,350,205,300,295,303,389,243
2007-10-01,439,315,325,267,301,252,295,368,350,309,365,211,303,307,305,390,229
2007-11-01,436,312,340,256,302,262,331,373,326,299,381,209,298,305,312,411,234
2007-12-01,446,317,333,271,308,274,319,375,339,300,335,206,302,317,316,412,220
2008-01-01,440,324,343,265,311,250,335,375,343,294,352,212,311,314,316,414,268
2008-02-01,455,317,354,279,306,251,321,386,354,315,340,229,313,311,318,462,237
2008-03-01,441,327,345,259,310,255,323,381,366,317,319,215,312,339,326,445,237
2008-04-01,447,326,337,273,313,254,323,382,356,314,343,221,325,327,318,431,257
2008-05-01,463,332,342,280,315,255,331,379,343,330,358,222,316,349,319,363,244
2008-06-01,454,319,337,279,313,252,334,381,361,316,363,219,328,316,313,420,248
2008-07-01,458,323,336,280,305,254,362,383,347,311,353,221,331,324,316,428,264
2008-08-01,452,323,341,278,319,256,337,382,353,315,335,220,319,326,312,415,254
2008-09-01,453,319,331,269,324,255,333,379,356,312,368,224,303,337,311,407,272
2008-10-01,449,321,340,267,314,272,335,381,352,308,365,223,321,334,316,412,262
2008-11-01,450,324,341,269,313,263,330,380,369,319,373,228,312,313,309,425,281
2008-12-01,447,315,337,277,320,269,379,378,346,303,340,234,323,322,315,432,268
2009-01-01,448,326,343,296,305,259,327,382,366,313,357,232,332,355,325,424,266
2009-02-01,465,325,353,297,315,262,348,390,364,307,364,228,331,330,327,446,264
2009-03-01,451,320,351,279,312,262,343,387,350,309,320,219,321,340,326,449,274
2009-04-01,447,322,336,292,311,253,360,379,349,310,333,225,323,361,324,431,256
2009-05-01,451,326,335,270,310,263,321,382,349,310,340,231,321,330,322,451,255
2009-06-01,453,325,325,279,310,256,353,381,345,317,376,231,323,339,321,420,267
2009-07-01,454,322,330,284,312,256,334,379,335,301,344,232,329,344,320,417,254
2009-08-01,447,320,332,268,316,259,327,376,345,311,338,227,317,355,313,408,291
2009-09-01,454,325,331,270,317,249,327,381,353,305,398,219,306,334,316,425,268
2009-10-01,447,322,332,276,311,269,328,379,353,304,374,228,326,335,311,422,276
2009-11-01,460,323,335,275,313,267,331,382,358,309,372,227,320,344,315,421,288
2009-12-01,459,330,337,278,322,274,329,386,343,323,359,243,323,335,324,443,266
2010-01-01,453,334,348,271,325,265,317,387,366,315,362,237,310,379,329,441,267
2010-02-01,461,330,348,277,312,269,329,397,347,319,357,242,324,306,331,485,280
2010-03-01,457,333,351,283,318,264,327,389,361,309,320,221,331,355,326,450,285
2010-04-01,475,331,348,280,320,260,328,396,364,305,332,242,330,356,323,459,283
2010-05-01,471,332,341,280,321,262,322,389,365,306,344,234,317,359,317,446,282
2010-06-01,474,333,330,288,322,264,317,389,370,314,341,238,319,355,322,430,266
2010-07-01,469,333,337,281,326,267,314,391,369,312,362,237,317,347,323,423,282
2010-08-01,469,331,335,282,320,265,313,389,352,311,339,245,325,333,323,436,272
2010-09-01,469,331,337,265,321,276,310,392,353,305,412,236,320,358,320,429,293
2010-10-01,469,343,355,267,309,277,305,394,372,311,407,240,314,345,325,424,303
2010-11-01,475,334,343,289,313,284,308,396,364,317,375,248,322,347,321,456,289
2010-12-01,482,345,353,282,328,270,318,400,352,313,363,240,326,367,331,443,276
2011-01-01,471,335,364,283,329,279,311,399,345,329,384,239,320,360,328,453,283
2011-02-01,487,373,372,293,332,275,311,410,343,313,374,243,322,364,339,472,287
2011-03-01,485,342,371,291,328,271,318,410,364,316,349,238,318,356,332,487,291
2011-04-01,490,343,380,275,326,268,314,405,373,311,367,250,328,381,328,444,321
2011-05-01,501,343,370,298,333,270,321,407,375,321,361,242,331,359,339,443,311
2011-06-01,495,343,358,281,323,269,323,402,381,318,365,253,320,347,326,439,297
2011-07-01,502,342,367,299,324,266,309,406,355,323,372,247,327,366,329,418,303
2011-08-01,494,347,359,295,327,270,314,402,355,313,372,243,327,364,323,435,299
2011-09-01,495,344,369,290,326,272,319,405,358,312,418,253,333,355,329,438,283
2011-10-01,498,345,369,295,332,273,312,403,371,306,417,245,314,361,321,429,300
2011-11-01,505,346,359,305,332,273,313,409,374,322,407,247,329,355,325,438,285
2011-12-01,506,349,374,294,335,293,318,415,352,313,378,248,319,373,336,456,287
2012-01-01,504,351,385,311,330,288,315,416,386,323,360,254,338,359,343,461,309
2012-02-01,507,350,388,321,331,278,327,426,393,320,373,241,334,355,341,490,304
2012-03-01,508,335,406,306,339,283,320,426,376,319,360,237,333,366,340,491,311
2012-04-01,509,353,391,306,333,279,314,421,377,314,371,245,339,382,340,469,292
2012-05-01,520,358,399,300,333,278,329,424,383,325,375,251,332,379,334,458,301
2012-06-01,509,349,404,294,319,282,332,419,372,317,370,241,328,382,332,439,312
2012-07-01,510,350,398,302,333,275,318,418,364,324,408,242,334,378,338,427,308
2012-08-01,510,343,394,294,326,271,329,418,368,326,417,249,335,364,327,438,307
2012-09-01,515,343,411,297,336,280,314,422,355,318,411,256,318,358,339,420,306
2012-10-01,519,355,409,307,342,283,321,426,370,333,408,243,337,377,330,441,318
2012-11-01,520,351,409,298,326,300,324,426,374,317,420,252,334,365,338,444,289
2012-12-01,519,351,424,324,331,283,308,429,372,332,394,232,320,364,343,461,308
2013-01-01,524,355,429,305,352,286,317,436,379,327,401,248,348,371,347,471,286
2013-02-01,532,344,445,298,336,292,311,445,382,311,390,265,362,395,354,490,317
2013-03-01,522,345,449,307,326,274,318,443,378,338,377,251,322,386,354,507,298
2013-04-01,522,348,442,323,330,275,330,435,378,324,385,252,366,370,338,480,299
2013-05-01,528,359,441,296,345,271,335,437,379,325,374,255,348,366,344,466,288
2013-06-01,532,357,458,317,327,285,328,443,377,335,397,251,359,390,340,453,296
2013-07-01,531,353,444,297,331,267,329,435,357,323,408,252,345,367,339,446,291
2013-08-01,524,346,450,299,327,277,341,436,362,330,387,253,352,382,338,453,276
2013-09-01,532,349,463,307,336,281,323,441,364,324,395,247,363,384,348,447,279
2013-10-01,530,356,468,319,335,285,321,443,370,324,437,260,350,373,345,444,300
2013-11-01,535,359,461,309,330,297,325,447,362,324,437,252,365,364,350,450,295
2013-12-01,535,362,459,297,337,302,341,445,372,325,429,250,402,384,348,462,285
2014-01-01,541,360,477,315,368,288,322,456,376,338,425,257,364,366,357,488,289
2014-02-01,549,357,493,321,343,285,339,466,385,324,432,260,359,405,363,515,295
2014-03-01,543,355,490,296,340,287,320,462,375,329,381,242,361,402,360,516,293
2014-04-01,542,354,491,305,340,289,331,457,364,331,404,257,350,394,352,484,285
2014-05-01,551,366,490,302,340,284,342,460,375,321,406,263,360,396,348,477,297
2014-06-01,554,362,475,326,349,277,323,455,379,334,393,261,369,384,358,466,284
2014-07-01,549,370,484,311,337,292,340,453,369,320,417,257,341,385,349,450,279
2014-08-01,555,354,485,299,337,277,320,455,369,328,422,256,359,377,349,456,304
2014-09-01,553,364,488,314,339,287,333,460,365,334,471,253,365,380,353,455,277
2014-10-01,558,358,488,317,339,295,341,461,384,331,432,256,376,385,351,463,290
2014-11-01,562,366,471,296,340,300,334,459,377,327,446,254,348,403,351,457,300
2014-12-01,575,374,466,301,366,296,331,472,390,331,428,247,387,411,356,494,283
2015-01-01,569,378,498,296,353,301,345,476,386,346,448,267,367,409,364,497,292
2015-02-01,586,376,510,324,353,296,348,489,393,328,430,255,370,417,381,521,298
2015-03-01,586,379,498,321,353,294,349,488,391,339,397,253,369,394,372,542,284
2015-04-01,581,394,479,303,344,296,354,483,391,353,428,267,356,396,362,502,278
2015-05-01,586,383,471,328,349,290,352,476,384,345,434,268,365,404,365,473,290
2015-06-01,584,396,477,318,345,296,342,481,384,346,429,260,348,389,367,498,285
2015-07-01,587,394,463,327,342,295,345,478,398,350,439,259,372,398,362,467,267
2015-08-01,596,391,459,326,353,293,343,479,388,346,440,264,368,375,364,478,283
2015-09-01,592,391,457,312,344,309,348,481,403,354,438,259,368,403,376,463,272
2015-10-01,599,397,458,339,351,302,334,487,402,346,489,261,378,399,368,453,268
2015-11-01,603,391,451,328,357,312,353,487,398,357,475,272,382,409,379,487,294
2015-12-01,599,415,454,329,355,318,349,485,421,366,453,265,350,403,382,489,281
2016-01-01,591,420,480,318,390,305,342,492,407,365,463,274,384,420,395,494,284
2016-02-01,617,428,487,310,359,313,351,511,401,366,458,252,369,414,392,555,286
2016-03-01,611,422,472,332,364,314,352,509,420,367,435,274,366,403,401,555,277
2016-04-01,609,433,466,312,366,303,360,505,390,368,458,284,373,427,396,528,258
2016-05-01,614,441,454,345,367,306,350,504,414,369,469,279,374,412,399,499,287
2016-06-01,613,426,446,320,376,321,361,496,392,374,471,271,354,415,387,498,270
2016-07-01,615,437,436,337,371,309,352,494,409,376,480,274,365,421,399,505,324
