"Month","Auckland","Bay of Plenty","Canterbury","Gisborne","Hawke's Bay","Manawatu-Wanganui","Marlborough","National Total","Nelson","Northland","Otago","Southland","Taranaki","Tasman","Waikato","Wellington","West Coast"
1993-01-01,196,138,147,122,133,141,134,158,150,124,144,96,125,135,133,172,104
1993-02-01,196,139,151,123,136,140,128,161,151,124,161,101,121,139,133,178,94
1993-03-01,194,140,152,119,137,148,132,162,148,119,173,93,139,127,134,181,104
1993-04-01,195,137,145,122,137,141,130,160,152,123,159,95,128,137,131,176,107
1993-05-01,201,139,149,121,141,131,131,161,154,121,145,101,127,159,135,182,100
1993-06-01,195,139,149,122,140,138,128,160,155,121,137,102,128,144,135,179,103
1993-07-01,203,138,149,128,137,133,131,162,151,117,144,101,125,125,131,179,105
1993-08-01,200,141,144,128,142,130,131,161,152,122,147,99,132,145,132,173,109
1993-09-01,201,140,148,126,147,131,132,162,152,122,147,104,128,145,133,179,97
1993-10-01,203,142,147,131,140,136,134,165,154,122,166,98,125,137,139,175,112
1993-11-01,201,142,149,125,142,140,133,165,157,126,167,106,129,140,137,172,114
1993-12-01,207,141,146,150,142,146,140,168,151,127,166,113,136,143,141,186,114
1994-01-01,208,147,153,131,141,145,136,168,153,130,157,105,133,133,138,183,105
1994-02-01,207,145,154,132,141,150,129,167,155,121,161,104,132,138,136,185,102
1994-03-01,213,142,157,128,142,153,134,170,156,128,168,105,130,143,138,186,112
1994-04-01,211,146,155,136,144,149,135,170,154,128,158,110,131,150,134,186,108
1994-05-01,214,147,150,138,146,138,130,170,154,128,162,109,129,134,139,178,105
1994-06-01,217,150,152,133,143,136,133,170,156,128,153,105,134,139,140,181,115
1994-07-01,217,148,152,138,144,137,139,171,156,129,152,107,143,134,139,183,114
1994-08-01,215,145,150,134,143,134,136,170,156,132,150,112,132,144,140,184,112
1994-09-01,220,150,149,132,146,136,134,173,161,129,150,110,137,146,138,188,111
1994-10-01,222,149,152,134,144,136,136,174,156,132,188,111,136,143,138,181,119
1994-11-01,226,149,156,138,146,140,139,175,162,133,171,115,136,145,141,190,125
1994-12-01,233,150,159,138,145,139,136,179,151,136,160,110,131,148,146,188,123
1995-01-01,229,149,162,140,147,145,142,179,153,132,175,114,143,140,145,190,110
1995-02-01,237,153,163,133,145,147,137,177,158,132,161,122,129,144,146,191,106
1995-03-01,237,152,162,138,148,162,143,181,153,133,170,110,135,135,148,191,115
1995-04-01,238,150,165,141,148,142,133,181,162,132,174,116,134,153,149,189,114
1995-05-01,245,156,162,139,151,142,141,186,164,135,166,112,134,139,148,195,121
1995-06-01,246,154,160,136,150,139,140,182,163,135,162,116,143,149,151,195,112
1995-07-01,244,154,161,142,153,139,143,185,170,132,161,117,134,149,149,194,120
1995-08-01,248,157,165,138,148,140,140,187,170,135,162,113,144,154,149,192,119
1995-09-01,254,157,163,143,151,139,143,189,168,135,167,114,146,148,154,196,120
1995-10-01,253,159,164,139,155,139,141,190,158,134,180,119,136,149,151,196,123
1995-11-01,257,158,167,142,148,148,139,190,166,133,177,115,135,143,158,199,123
1995-12-01,265,158,168,146,150,148,154,198,158,140,172,123,143,151,161,203,120
1996-01-01,261,167,169,145,152,139,135,194,158,142,182,114,150,145,157,205,123
1996-02-01,265,163,170,150,155,151,140,194,161,138,160,119,145,145,160,208,117
1996-03-01,270,159,177,146,161,156,141,199,171,133,176,117,137,159,165,207,122
1996-04-01,275,166,173,159,157,149,150,201,172,144,171,119,147,161,160,205,120
1996-05-01,272,163,170,144,151,142,155,200,166,147,171,115,141,153,162,213,124
1996-06-01,269,164,172,156,162,148,154,200,170,140,166,118,142,157,162,212,117
1996-07-01,271,165,171,145,154,143,146,199,168,147,164,121,139,158,158,209,119
1996-08-01,275,172,174,148,152,138,147,201,170,145,154,117,143,148,160,212,119
1996-09-01,274,167,173,149,153,138,146,202,169,149,171,119,147,156,161,210,122
1996-10-01,280,166,173,144,154,145,148,206,168,146,174,122,146,156,166,217,123
1996-11-01,276,172,173,138,156,151,145,205,163,149,167,117,146,151,167,220,115
1996-12-01,274,175,176,160,163,156,164,207,170,155,173,123,145,167,171,226,114
1997-01-01,274,173,179,149,161,150,150,202,180,150,167,115,143,168,166,216,122
1997-02-01,280,174,180,141,156,153,153,205,173,157,159,126,144,158,173,221,121
1997-03-01,282,171,183,138,154,158,144,207,176,156,165,117,141,158,169,224,125
1997-04-01,281,177,180,143,159,151,149,210,175,159,163,121,139,161,173,225,121
1997-05-01,284,176,178,144,160,149,148,207,176,154,158,122,139,157,167,221,121
1997-06-01,282,175,181,147,162,142,151,210,177,159,158,131,146,166,168,226,123
1997-07-01,277,179,178,138,161,144,148,208,166,162,158,123,139,166,172,222,131
1997-08-01,275,178,175,143,159,145,148,207,174,158,152,121,154,167,169,223,120
1997-09-01,275,180,175,153,156,134,146,207,175,156,159,122,143,163,168,225,126
1997-10-01,275,183,178,140,160,138,151,209,177,163,178,115,150,152,165,219,120
1997-11-01,277,175,180,141,159,150,149,211,171,165,182,115,152,171,174,227,121
1997-12-01,270,179,179,144,160,148,145,208,168,155,164,117,146,166,171,226,118
1998-01-01,275,177,180,136,163,154,153,208,178,156,171,110,142,171,176,229,126
1998-02-01,273,174,180,140,158,153,151,207,179,151,159,112,145,170,173,231,123
1998-03-01,275,175,189,148,155,157,151,210,174,159,171,114,143,162,174,237,118
1998-04-01,273,179,180,145,158,150,156,210,181,159,155,112,149,172,170,234,129
1998-05-01,271,177,177,142,161,140,155,206,177,163,153,118,146,171,169,233,118
1998-06-01,272,178,177,142,160,147,149,207,184,159,159,115,142,166,169,229,116
1998-07-01,268,175,175,142,161,144,151,208,179,162,155,110,148,161,168,235,127
1998-08-01,266,176,171,145,166,144,147,206,174,157,157,114,142,159,170,227,118
1998-09-01,266,174,175,136,162,141,153,207,175,153,152,112,142,165,167,232,125
1998-10-01,265,175,176,142,159,141,149,207,171,159,176,109,140,176,172,232,122
1998-11-01,264,175,173,139,162,149,145,207,170,159,164,108,144,166,171,229,130
1998-12-01,261,171,177,141,159,151,150,205,182,164,159,110,141,175,177,227,119
1999-01-01,265,175,175,152,162,146,140,205,176,157,177,113,144,167,174,236,113
1999-02-01,263,174,183,146,160,158,143,207,170,160,161,109,145,153,177,241,115
1999-03-01,260,175,181,147,159,155,161,205,172,154,172,106,133,159,172,236,120
1999-04-01,263,176,180,142,165,155,149,208,173,155,171,106,140,164,173,233,122
1999-05-01,261,177,163,142,161,150,156,204,178,157,159,114,142,165,172,233,119
1999-06-01,262,171,170,146,158,143,153,204,175,165,179,109,139,161,171,230,118
1999-07-01,265,175,171,142,162,143,156,209,174,158,203,106,140,158,170,236,115
1999-08-01,262,175,173,144,161,145,154,207,175,159,187,104,143,161,169,233,126
1999-09-01,266,171,170,145,162,146,150,209,179,154,177,107,139,163,174,239,122
1999-10-01,261,174,170,144,162,149,149,206,174,157,188,112,145,170,171,230,113
1999-11-01,269,173,173,141,158,155,148,211,171,157,188,105,141,168,168,245,109
1999-12-01,266,175,176,146,161,153,151,208,177,159,189,108,139,183,173,234,121
2000-01-01,260,176,178,144,165,148,152,207,174,158,175,109,138,167,173,243,116
2000-02-01,269,172,185,150,161,153,148,211,183,163,172,101,153,172,176,250,117
2000-03-01,265,176,182,161,160,157,151,209,174,160,192,106,144,162,168,243,118
2000-04-01,271,174,181,144,166,146,160,208,182,157,168,103,136,176,170,224,108
2000-05-01,267,176,177,146,165,151,153,209,180,157,179,110,142,163,171,231,118
2000-06-01,265,175,176,150,163,146,155,207,176,156,167,107,146,169,167,240,115
2000-07-01,268,177,178,154,165,149,150,210,178,159,168,106,142,165,168,239,118
2000-08-01,266,174,173,145,163,148,157,208,169,154,164,101,145,173,167,235,117
2000-09-01,268,173,176,147,159,146,152,208,176,154,175,108,145,173,170,232,112
2000-10-01,262,178,174,152,164,147,154,210,178,161,190,104,142,165,171,240,112
2000-11-01,265,175,177,144,168,158,152,210,181,160,187,108,140,178,168,231,108
2000-12-01,266,177,177,146,163,152,156,209,177,155,179,108,142,165,174,239,113
2001-01-01,271,175,178,150,165,152,148,212,180,162,185,114,136,169,173,241,121
2001-02-01,272,178,185,141,164,158,152,215,181,159,181,102,143,180,173,252,116
2001-03-01,269,174,184,145,161,157,153,212,179,159,188,112,141,165,170,246,103
2001-04-01,271,175,184,146,167,151,155,214,184,159,167,110,143,186,174,244,124
2001-05-01,272,179,180,147,166,151,154,213,186,159,181,113,149,174,174,239,136
2001-06-01,275,178,178,139,166,152,158,213,190,167,183,107,153,172,167,225,119
2001-07-01,273,177,178,145,169,149,162,211,188,162,176,112,149,165,167,238,121
2001-08-01,274,175,179,152,161,148,153,215,189,158,191,112,146,180,171,240,112
2001-09-01,273,178,178,142,159,148,162,216,189,161,204,116,144,191,171,242,109
2001-10-01,279,175,180,165,169,150,158,215,185,162,192,113,148,175,167,237,118
2001-11-01,284,175,184,154,163,159,157,220,194,161,188,110,147,172,173,245,112
2001-12-01,288,183,187,148,169,161,160,222,189,168,189,114,151,191,177,241,118
2002-01-01,284,179,188,147,168,162,164,220,196,167,190,121,142,180,177,249,121
2002-02-01,292,183,193,147,169,163,160,226,190,164,199,119,149,184,177,260,123
2002-03-01,288,178,198,151,172,155,160,223,206,165,202,115,149,188,175,253,123
2002-04-01,292,182,192,150,179,157,177,224,201,171,200,125,156,191,179,228,122
2002-05-01,295,185,197,144,175,153,164,227,197,161,206,131,154,194,177,248,117
2002-06-01,303,182,193,142,169,153,163,228,212,162,188,135,149,202,177,246,115
2002-07-01,301,189,194,147,172,159,175,229,205,166,190,131,154,204,180,245,134
2002-08-01,307,183,190,146,171,152,173,230,200,167,204,127,164,193,175,246,113
2002-09-01,307,183,194,148,173,156,172,231,210,165,210,131,162,188,179,247,118
2002-10-01,311,189,198,154,179,150,172,234,211,163,211,136,160,196,182,244,126
2002-11-01,310,184,199,145,174,160,165,233,221,166,210,138,168,208,180,253,119
2002-12-01,317,188,199,158,176,170,170,239,214,170,195,134,187,214,189,252,122
2003-01-01,319,192,208,153,176,166,179,244,214,169,218,133,318,226,191,255,119
2003-02-01,326,195,211,155,182,167,174,245,226,168,208,145,208,218,192,271,126
2003-03-01,322,196,214,156,184,167,182,246,231,171,213,148,200,212,192,269,119
2003-04-01,326,199,215,153,180,163,192,247,230,173,219,154,169,221,189,260,126
2003-05-01,325,203,214,149,182,148,180,243,225,173,213,154,181,226,192,243,133
2003-06-01,324,198,212,158,188,164,193,245,227,174,216,156,173,223,192,258,134
2003-07-01,324,203,214,164,182,165,188,247,220,178,204,143,173,217,196,258,137
2003-08-01,325,200,212,165,185,154,194,245,230,175,229,152,168,220,196,243,132
2003-09-01,324,205,217,156,186,161,180,246,225,184,239,148,171,218,190,248,134
2003-10-01,328,212,221,161,195,167,190,252,236,179,239,149,170,232,199,263,142
2003-11-01,326,209,222,169,189,168,194,251,244,186,226,162,178,225,200,259,151
2003-12-01,330,212,226,167,195,175,196,253,237,187,223,151,182,236,202,256,144
2004-01-01,332,212,230,166,200,169,199,256,234,186,234,151,184,226,208,270,140
2004-02-01,335,213,232,168,202,172,208,262,238,176,228,156,184,244,208,287,154
2004-03-01,329,212,237,172,194,173,208,260,238,185,229,151,181,235,212,282,143
2004-04-01,333,214,236,165,198,157,203,254,240,185,241,156,171,243,204,231,150
2004-05-01,330,224,231,169,202,170,210,260,235,191,248,158,193,234,208,266,155
2004-06-01,331,221,236,171,202,168,213,259,228,191,239,153,177,219,210,264,146
2004-07-01,330,220,236,179,204,166,216,259,240,194,238,155,183,227,214,266,156
2004-08-01,328,217,233,169,201,169,214,260,238,191,255,153,179,229,212,275,149
2004-09-01,329,223,233,170,205,169,210,261,223,196,267,148,185,224,209,270,143
2004-10-01,331,217,234,174,216,185,216,262,229,203,245,161,189,219,211,270,152
2004-11-01,328,225,237,177,206,181,217,263,246,197,258,174,188,243,215,272,151
2004-12-01,332,228,238,186,207,180,220,263,238,198,255,149,195,233,219,271,151
2005-01-01,331,225,240,187,219,181,231,268,250,195,256,153,200,237,221,283,156
2005-02-01,335,227,245,174,219,183,241,270,235,206,250,149,189,237,224,296,153
2005-03-01,332,222,251,181,210,180,218,269,242,205,249,143,197,227,225,291,154
2005-04-01,331,227,246,177,219,173,225,266,237,207,251,155,208,233,223,279,166
2005-05-01,334,234,242,190,214,179,220,263,244,211,247,162,206,233,221,238,168
2005-06-01,334,229,236,186,219,178,240,267,246,202,255,156,207,230,220,278,158
2005-07-01,335,235,247,187,220,178,236,269,247,218,248,156,202,225,226,278,163
2005-08-01,333,226,238,186,218,177,235,267,233,206,262,152,197,226,220,277,163
2005-09-01,334,230,236,187,216,180,237,270,248,216,273,147,203,242,225,280,170
2005-10-01,332,229,246,190,221,191,228,271,249,214,279,150,198,239,226,278,156
2005-11-01,335,235,252,177,225,195,241,273,245,221,266,154,212,222,227,284,174
2005-12-01,335,242,253,193,225,196,227,275,255,223,251,152,217,237,233,280,173
2006-01-01,338,233,259,192,228,185,237,278,259,218,276,156,207,238,232,294,173
2006-02-01,341,234,256,202,231,192,236,281,264,224,249,157,206,241,242,321,176
2006-03-01,335,241,255,198,222,192,240,277,249,225,239,152,226,233,237,306,162
2006-04-01,342,242,255,201,235,191,236,280,246,228,252,155,216,238,231,300,179
2006-05-01,338,239,251,195,234,190,249,278,255,231,256,156,231,236,238,295,183
2006-06-01,343,247,257,194,237,189,244,274,259,230,258,157,221,246,241,244,182
2006-07-01,343,244,253,200,233,199,241,279,262,233,258,159,218,244,235,291,182
2006-08-01,343,242,251,202,234,194,240,279,251,230,229,157,221,246,237,296,175
2006-09-01,340,245,255,213,236,197,246,282,249,233,268,166,222,239,241,304,174
2006-10-01,346,244,262,192,238,197,255,284,255,236,272,161,237,246,238,295,175
2006-11-01,348,247,260,214,241,205,241,287,263,241,281,164,230,248,242,304,176
2006-12-01,350,249,270,202,237,210,247,289,253,239,281,167,240,252,240,308,185
2007-01-01,350,255,263,224,249,204,255,290,268,240,262,169,232,246,249,312,169
2007-02-01,358,258,274,231,242,202,253,300,283,239,279,171,231,252,252,345,192
2007-03-01,355,250,278,211,246,200,264,296,274,250,242,165,238,248,252,340,196
2007-04-01,356,259,267,217,244,204,254,295,276,246,249,170,248,272,249,320,190
2007-05-01,362,261,266,220,251,207,260,297,270,245,267,169,256,263,257,313,201
2007-06-01,366,263,267,228,248,208,268,299,292,244,270,172,242,250,247,328,190
2007-07-01,362,262,271,228,261,206,265,299,285,253,281,175,249,279,253,318,194
2007-08-01,366,257,269,224,247,206,261,296,273,249,262,174,252,260,259,293,192
2007-09-01,367,264,269,229,271,205,268,302,280,254,280,172,249,249,254,319,206
2007-10-01,370,266,274,227,253,212,246,304,294,255,291,179,253,262,257,322,193
2007-11-01,367,265,282,221,254,219,288,307,278,253,303,176,247,255,262,339,196
2007-12-01,377,269,277,231,260,230,263,309,282,254,270,174,254,263,260,340,184
2008-01-01,371,272,287,232,262,212,282,310,290,250,284,178,259,271,266,343,224
2008-02-01,383,268,294,232,260,212,274,318,294,264,276,193,261,266,268,377,202
2008-03-01,370,275,282,219,261,212,274,311,306,272,254,179,260,284,272,365,201
2008-04-01,377,275,279,233,264,215,276,314,296,264,274,186,271,276,266,353,218
2008-05-01,389,279,286,239,265,218,285,312,291,277,286,185,265,295,269,294,209
2008-06-01,384,271,283,241,268,212,285,314,306,264,293,183,272,267,263,345,214
2008-07-01,386,276,280,239,255,215,310,317,293,264,287,186,276,271,266,352,230
2008-08-01,382,273,286,238,271,215,289,314,301,263,267,186,266,276,262,342,219
2008-09-01,382,270,279,232,271,215,289,313,302,265,294,187,254,282,262,337,235
2008-10-01,380,269,286,227,270,229,284,315,301,262,291,188,267,278,265,340,221
2008-11-01,380,273,283,229,265,220,284,314,313,267,300,193,261,262,260,349,231
2008-12-01,378,268,280,236,273,225,318,313,292,256,280,196,270,274,266,355,224
2009-01-01,379,277,288,252,257,219,282,317,312,265,288,195,278,301,274,351,227
2009-02-01,391,277,293,258,268,221,299,322,306,261,295,190,278,277,274,366,227
2009-03-01,381,270,291,239,264,215,291,318,301,263,257,182,268,293,272,363,236
2009-04-01,375,272,280,249,264,212,299,312,299,263,267,190,270,309,271,354,217
2009-05-01,380,276,281,233,260,222,281,316,298,263,280,195,272,280,269,369,219
2009-06-01,383,275,272,240,265,216,301,315,293,269,306,196,268,293,271,348,230
2009-07-01,383,271,275,248,261,215,280,313,289,255,277,195,276,293,270,344,216
2009-08-01,375,271,280,233,267,217,280,311,297,266,274,191,265,302,263,336,244
2009-09-01,382,275,278,236,265,211,280,315,302,260,319,183,258,285,265,351,224
2009-10-01,379,271,279,237,264,222,279,314,303,257,304,192,275,286,262,348,232
2009-11-01,388,272,281,240,267,225,289,315,306,265,297,191,268,288,265,348,247
2009-12-01,387,280,280,241,272,228,281,319,288,273,292,205,272,286,273,363,232
2010-01-01,383,281,290,230,276,222,273,319,311,267,292,201,264,317,276,363,227
2010-02-01,389,278,291,242,264,225,286,327,294,271,290,201,270,268,279,397,238
2010-03-01,382,281,290,240,271,222,280,318,311,260,257,184,277,301,273,363,243
2010-04-01,394,279,291,237,269,218,285,325,313,258,269,204,273,300,270,377,229
2010-05-01,397,280,285,242,272,220,276,321,313,259,282,199,267,305,267,368,243
2010-06-01,399,281,279,247,273,221,282,322,315,268,277,202,267,296,270,355,231
2010-07-01,396,281,284,244,276,223,269,323,319,267,292,199,269,295,273,349,235
2010-08-01,395,279,281,245,272,220,275,321,301,265,274,206,273,285,274,359,238
2010-09-01,396,280,283,231,273,229,267,324,306,262,331,201,268,302,270,356,240
2010-10-01,395,292,297,231,263,229,267,325,320,262,326,203,264,292,273,351,255
2010-11-01,400,280,287,249,268,235,266,327,311,272,304,210,270,293,271,376,250
2010-12-01,402,291,293,245,279,226,276,329,288,264,296,201,276,311,280,364,224
2011-01-01,397,281,303,244,279,235,271,329,284,282,313,201,272,305,275,373,244
2011-02-01,410,311,310,252,279,231,272,338,284,267,303,206,272,303,286,386,246
2011-03-01,405,287,307,253,278,226,277,337,312,271,285,199,270,304,279,395,252
2011-04-01,410,290,319,237,275,226,273,334,315,264,299,210,276,314,278,365,272
2011-05-01,422,289,308,257,282,226,277,336,316,274,295,204,278,308,285,363,262
2011-06-01,414,290,300,242,272,227,278,332,317,270,302,214,267,296,276,360,257
2011-07-01,422,290,305,257,275,226,264,335,294,274,303,209,274,303,277,347,259
2011-08-01,414,293,300,253,280,227,272,332,296,270,300,207,276,314,273,360,258
2011-09-01,417,291,308,248,276,226,276,335,301,267,337,215,282,306,279,363,243
2011-10-01,418,292,306,258,283,224,273,332,310,261,336,205,268,298,272,355,256
2011-11-01,419,294,300,263,283,228,271,336,308,276,329,208,278,305,275,360,232
2011-12-01,424,296,308,255,284,243,277,342,298,267,308,209,268,308,283,375,249
2012-01-01,423,297,319,258,282,241,277,343,318,277,294,216,286,308,290,381,259
2012-02-01,425,296,321,273,282,233,287,350,334,271,303,201,279,302,285,401,259
2012-03-01,425,282,335,263,285,237,282,348,316,273,292,197,279,313,283,398,260
2012-04-01,423,300,325,260,280,234,277,347,316,271,303,207,286,324,285,385,247
2012-05-01,437,303,332,255,282,233,284,349,317,277,308,211,281,323,281,377,259
2012-06-01,427,299,335,259,272,236,290,345,321,273,304,202,275,318,278,362,263
2012-07-01,429,296,331,257,281,232,279,345,304,275,329,206,282,324,284,354,264
2012-08-01,429,293,327,257,280,229,285,345,305,282,337,209,283,310,275,362,264
2012-09-01,433,293,342,258,285,234,272,348,301,273,332,214,270,301,284,350,259
2012-10-01,435,302,340,266,289,238,279,351,310,285,331,208,286,317,279,365,269
2012-11-01,438,297,339,259,278,253,280,352,311,273,342,213,279,311,284,368,254
2012-12-01,436,300,348,268,285,236,270,353,314,287,320,200,270,314,289,378,269
2013-01-01,440,302,354,265,298,239,277,359,315,279,326,209,295,313,293,389,248
2013-02-01,446,289,364,256,289,247,272,365,315,268,317,222,299,341,297,400,271
2013-03-01,438,292,363,261,280,231,281,362,314,302,305,207,272,325,296,409,257
2013-04-01,434,294,362,278,281,232,289,357,313,278,312,212,309,322,282,394,258
2013-05-01,444,305,363,259,291,228,289,360,317,279,306,214,292,305,290,383,246
2013-06-01,449,298,375,275,279,240,285,365,314,286,324,211,302,341,285,374,256
2013-07-01,445,301,365,258,283,222,287,357,293,276,332,211,287,308,284,368,252
2013-08-01,441,294,369,259,278,235,294,358,302,284,313,214,295,326,282,374,238
2013-09-01,448,296,382,263,286,235,276,363,303,278,320,212,304,327,292,371,240
2013-10-01,446,303,386,273,285,239,280,365,307,277,354,220,294,320,290,368,259
2013-11-01,449,302,379,269,282,247,285,368,302,281,357,213,306,317,296,370,254
2013-12-01,452,307,376,259,290,252,297,367,312,279,350,214,336,324,293,381,247
2014-01-01,454,305,393,266,299,241,282,374,313,291,345,219,306,316,301,404,246
2014-02-01,459,301,406,271,294,239,292,381,327,277,349,219,299,337,305,422,258
2014-03-01,455,298,399,252,291,241,279,377,310,277,311,201,301,330,301,418,258
2014-04-01,452,298,406,262,290,244,293,375,302,285,327,215,289,328,294,394,249
2014-05-01,464,309,404,262,290,238,294,378,314,275,328,223,300,341,292,393,258
2014-06-01,468,305,396,280,290,234,281,374,326,283,322,221,310,324,298,384,244
2014-07-01,456,311,397,265,287,246,296,371,309,276,336,219,287,328,293,372,249
2014-08-01,462,297,399,260,287,232,281,372,313,282,341,211,304,314,292,376,261
2014-09-01,462,307,403,267,288,242,288,378,311,287,375,215,308,322,296,376,240
2014-10-01,468,301,405,273,287,245,295,378,325,284,349,217,310,324,297,382,254
2014-11-01,472,308,388,254,287,251,290,376,316,282,361,217,291,329,295,377,260
2014-12-01,483,310,385,265,313,248,289,387,323,283,348,209,322,353,300,406,241
2015-01-01,477,317,412,253,301,252,296,390,329,294,363,224,307,348,304,409,254
2015-02-01,489,317,418,275,301,247,298,399,326,283,350,213,310,356,321,423,261
2015-03-01,488,320,407,275,299,246,303,397,318,288,324,209,307,326,312,439,245
2015-04-01,484,328,397,264,293,248,308,395,324,300,345,223,299,335,304,410,239
2015-05-01,490,322,394,282,297,245,303,391,326,294,353,228,307,343,305,390,248
2015-06-01,491,334,397,275,294,250,298,394,321,295,349,219,292,333,306,409,246
2015-07-01,492,332,382,285,293,247,299,392,334,298,355,217,315,342,304,385,228
2015-08-01,497,328,382,277,301,246,296,392,327,297,355,224,306,320,305,393,243
2015-09-01,496,331,381,268,293,258,300,394,337,301,353,218,314,343,314,380,225
2015-10-01,503,335,382,286,299,252,295,399,340,298,395,221,317,335,309,374,227
2015-11-01,507,328,376,272,305,260,307,399,338,307,386,231,318,347,318,401,246
2015-12-01,500,350,376,277,301,266,302,398,359,311,367,228,295,340,318,402,235
2016-01-01,499,349,399,277,329,254,300,403,337,312,374,227,327,357,323,407,232
2016-02-01,515,356,406,270,303,261,303,417,334,312,371,210,307,349,326,455,239
2016-03-01,510,351,388,280,313,258,310,414,349,313,351,227,308,332,333,449,237
2016-04-01,510,356,386,270,310,255,311,411,325,313,366,239,310,367,326,433,223
2016-05-01,514,368,379,296,315,256,303,414,354,312,379,234,318,353,334,411,244
2016-06-01,511,357,373,284,322,267,320,406,321,317,380,228,299,342,324,410,232
2016-07-01,510,368,366,291,319,259,306,404,345,320,386,231,306,357,331,412,272
