"Month","Ashburton District","Auckland","Buller District","Carterton District","Central Hawkes Bay District","Central Otago District","Christchurch","Clutha District","Dunedin","Far North District","Franklin District","Gisborne District","Gore District","Grey District","Hamilton","Hastings District","Hauraki District","Horowhenua District","Hurunui District","Invercargill","Kaikoura District","Kaipara District","Kapiti Coast District","Kawerau District","Lower Hutt","Mackenzie District","Manawatu District","Manukau","Marlborough District","Masterton District","Matamata-Piako District","Napier","National Total","Nelson","New Plymouth District","North Shore","Opotiki District","Otorohanga District","Palmerston North","Papakura District","Porirua","Queenstown-Lakes District","Rangitikei District","Rodney District","Rotorua District","Ruapehu District","Selwyn District","South Taranaki District","South Waikato District","South Wairarapa District","Southland District","Stratford District","Tararua District","Tasman District","Taupo District","Tauranga District","Thames-Coromandel District","Timaru District","Upper Hutt","Waikato District","Waimakariri District","Waimate District","Waipa District","Wairoa District","Waitakere","Waitaki District","Waitomo District","Wanganui District","Wellington","Western Bay Of Plenty District","Westland District","Whakatane District","Whangarei District"
1993-01-01,14,953,13,10,11,26,688,NA,424,31,46,63,11,28,461,78,14,42,NA,75,NA,14,29,11,134,NA,25,308,59,58,25,110,6477,113,146,301,5,NA,245,70,42,37,17,71,155,19,12,26,33,6,10,10,14,40,50,136,22,53,49,27,21,NA,52,6,170,11,11,78,422,29,5,23,107
1993-02-01,12,950,10,6,9,27,734,6,458,44,37,68,15,15,430,95,17,45,NA,75,NA,13,42,17,145,NA,21,325,59,47,37,98,6837,114,164,316,NA,NA,316,121,46,62,26,67,137,22,NA,30,38,5,16,7,24,35,57,148,26,68,52,44,18,5,59,7,167,15,8,80,421,29,5,43,111
1993-03-01,16,1021,8,13,6,35,827,6,467,46,55,58,21,24,370,90,11,61,6,110,NA,7,45,10,172,NA,28,341,39,71,36,132,7304,128,171,319,NA,NA,259,93,72,67,24,77,158,21,7,45,33,14,5,7,22,37,86,178,19,62,54,47,29,NA,55,8,213,12,10,110,451,28,NA,46,123
1993-04-01,21,819,8,10,6,23,606,10,283,43,57,55,13,14,348,87,22,39,8,70,6,9,50,15,168,NA,15,332,57,61,31,119,6188,104,151,314,5,NA,186,75,48,56,21,85,151,23,6,34,37,9,9,14,19,32,72,155,24,49,48,32,40,NA,61,5,178,10,7,74,416,25,5,43,102
1993-05-01,23,828,9,6,7,26,644,7,234,33,60,62,6,24,291,82,15,33,8,87,6,10,42,9,135,5,19,285,58,50,30,122,5900,114,149,300,NA,NA,181,54,42,60,25,85,132,22,8,25,30,10,17,8,23,21,69,160,25,57,42,40,24,8,43,7,175,9,7,84,372,29,6,32,101
1993-06-01,17,885,9,10,13,27,679,12,255,45,58,65,8,24,358,106,10,43,6,104,NA,12,47,18,145,7,32,314,61,48,48,126,6417,115,177,323,8,NA,189,62,41,57,24,85,146,20,13,45,42,10,17,13,24,29,56,158,36,60,47,36,22,NA,42,6,162,18,6,82,417,27,NA,40,100
1993-07-01,21,929,11,8,14,32,692,8,268,46,60,80,10,25,348,100,18,43,9,86,7,10,41,21,137,5,30,325,57,63,51,126,6734,97,182,375,6,5,220,82,83,54,19,95,187,19,8,37,42,16,11,11,24,42,73,155,25,61,42,47,34,NA,56,6,199,11,NA,70,403,41,5,39,112
1993-08-01,24,947,8,16,12,27,672,5,234,34,63,53,17,29,374,118,24,49,NA,93,NA,12,56,7,146,NA,39,323,62,53,42,121,6724,141,175,354,NA,NA,212,74,66,62,20,90,207,15,10,42,37,9,15,19,26,35,75,173,29,61,40,50,32,NA,52,7,179,17,7,101,367,22,NA,47,134
1993-09-01,13,887,7,9,11,29,697,6,209,36,51,66,15,19,388,101,12,53,6,92,NA,12,50,13,167,NA,34,333,64,61,41,124,6617,111,160,321,5,NA,222,66,62,60,17,78,153,11,7,46,35,13,18,21,26,35,83,197,28,69,35,43,40,NA,63,9,208,19,NA,93,419,29,10,38,98
1993-10-01,20,833,12,9,10,22,656,9,245,36,60,62,8,20,355,93,14,61,6,77,NA,7,37,13,150,NA,34,323,55,66,21,111,6411,119,177,333,NA,NA,238,83,65,98,28,77,131,18,7,18,27,5,11,22,29,45,85,167,34,57,45,27,30,NA,53,7,173,14,5,117,383,29,8,62,93
1993-11-01,18,942,6,15,13,29,928,10,320,40,59,51,15,20,515,101,17,45,11,91,NA,17,44,17,136,5,27,381,53,57,36,121,7697,149,145,375,NA,NA,480,89,63,105,25,95,178,18,13,47,46,7,8,15,34,39,84,186,28,53,50,42,32,9,58,15,197,9,NA,86,488,30,NA,46,140
1993-12-01,17,1021,8,12,12,26,830,16,397,41,51,76,16,14,567,110,16,63,NA,103,NA,10,42,13,148,NA,21,334,59,56,43,120,7566,145,188,343,6,NA,389,63,63,81,28,84,186,19,8,30,45,13,14,7,28,36,65,174,33,56,65,41,32,NA,47,NA,197,9,8,69,479,38,NA,57,123
1994-01-01,18,992,12,8,8,27,823,8,460,53,52,59,14,23,422,101,17,48,NA,91,NA,8,63,16,138,6,32,309,60,55,41,94,7317,127,181,372,NA,NA,322,73,62,62,23,109,168,14,10,35,47,15,10,21,24,36,75,168,37,57,52,45,26,NA,52,6,224,17,10,74,440,30,NA,46,132
1994-02-01,26,938,18,10,13,24,834,15,502,47,56,80,12,18,401,104,24,53,7,100,NA,8,57,18,139,NA,32,320,68,55,41,82,7330,112,160,393,NA,NA,306,80,54,60,28,68,190,17,10,33,42,12,14,12,22,35,83,168,23,62,60,42,24,NA,55,8,181,18,6,98,489,39,NA,41,120
1994-03-01,25,1033,18,11,13,21,848,13,474,49,69,71,16,21,407,132,21,62,5,120,7,14,53,18,150,10,41,375,68,76,31,123,8017,124,189,409,8,7,255,79,103,74,27,103,202,20,9,42,57,11,11,18,37,35,82,237,41,83,37,50,39,NA,69,9,262,13,5,110,483,29,NA,62,126
1994-04-01,24,894,11,8,9,25,662,10,272,37,48,60,15,11,356,91,18,46,NA,84,NA,12,45,9,164,NA,18,298,53,62,33,103,6409,98,174,347,5,NA,206,75,50,60,14,91,169,12,6,26,44,12,7,14,28,23,74,190,29,61,48,49,19,7,65,7,172,12,10,72,402,35,NA,45,123
1994-05-01,18,1019,14,11,15,16,819,7,294,51,75,68,13,16,371,135,26,59,6,97,NA,16,64,9,157,NA,33,388,71,64,46,130,7588,125,164,422,NA,NA,225,84,72,68,20,110,209,12,9,45,57,6,17,10,32,35,97,219,41,71,54,52,40,7,69,8,228,12,7,113,434,34,7,49,137
1994-06-01,24,972,10,10,17,31,782,9,279,30,71,71,9,28,364,112,28,45,5,103,NA,12,50,16,159,5,29,343,64,58,40,98,7104,140,178,359,NA,NA,208,65,73,75,22,80,193,19,6,40,56,13,10,13,31,42,80,196,48,77,51,33,37,NA,67,9,198,9,13,78,459,31,NA,43,103
1994-07-01,30,941,12,8,16,30,743,14,245,49,67,81,11,10,360,123,21,58,7,102,8,7,57,14,141,NA,31,322,61,51,54,109,7084,131,211,364,NA,NA,220,88,63,63,27,73,180,19,8,47,50,12,11,19,31,39,104,170,32,74,42,40,33,NA,60,7,239,17,7,105,420,38,5,43,140
1994-08-01,21,1023,15,7,13,25,878,5,270,38,52,73,15,21,410,128,34,60,12,127,NA,10,61,20,153,NA,40,378,80,63,59,132,7847,144,205,431,8,6,256,100,60,70,22,102,210,15,NA,45,59,11,10,18,34,34,90,224,33,66,41,61,46,6,56,NA,249,14,6,124,494,29,NA,46,123
1994-09-01,32,1093,13,8,31,15,878,13,237,43,74,82,15,19,434,130,38,49,9,106,NA,18,68,10,188,NA,44,404,81,77,47,134,8115,154,210,430,NA,NA,264,94,84,74,22,91,219,21,11,50,53,16,16,12,29,48,96,215,48,82,50,50,39,NA,62,8,262,18,8,122,448,34,9,46,150
1994-10-01,18,986,9,NA,12,24,815,8,256,36,45,57,19,26,387,120,16,59,5,106,5,16,45,18,172,NA,44,351,71,61,41,125,7419,116,186,387,NA,NA,235,97,79,121,29,103,202,23,9,42,65,12,8,16,26,40,82,192,38,64,58,56,21,6,70,9,236,15,9,107,401,26,NA,55,153
1994-11-01,17,1121,12,13,16,26,946,10,338,47,63,66,25,22,602,142,26,61,5,97,NA,11,55,16,157,NA,49,377,67,63,42,140,8545,137,189,377,NA,NA,514,84,58,91,33,115,237,24,21,43,50,13,13,11,32,59,96,230,55,60,57,62,15,5,56,7,229,31,7,117,505,39,8,42,123
1994-12-01,20,1067,12,7,8,39,958,7,404,49,46,60,16,22,558,122,23,49,5,113,NA,16,60,22,163,6,37,359,59,53,47,118,8292,138,181,429,7,6,430,99,68,89,17,88,182,24,14,42,46,7,15,14,33,38,75,202,45,60,51,43,26,8,51,7,225,12,7,106,588,35,NA,63,139
1995-01-01,15,931,20,9,22,14,773,11,449,40,62,63,10,19,399,117,20,69,5,84,7,11,52,15,158,7,33,307,71,73,37,135,7136,113,170,353,NA,6,257,68,58,72,26,94,153,21,7,39,45,5,9,7,27,43,76,163,29,57,52,44,23,7,58,10,233,10,6,100,403,26,11,45,134
1995-02-01,21,972,14,7,12,21,863,12,533,58,64,95,16,15,426,150,21,53,NA,89,NA,11,60,13,183,NA,31,329,66,68,34,132,7809,126,159,365,NA,6,332,79,65,73,26,96,153,17,5,42,51,8,11,16,35,47,77,200,32,67,46,51,29,NA,51,11,215,20,7,105,532,27,NA,40,121
1995-03-01,22,1155,10,12,11,35,948,19,540,47,74,86,15,18,456,122,26,62,5,131,NA,13,87,24,187,7,47,382,91,74,48,145,8902,143,218,398,5,NA,337,90,95,105,37,137,243,21,12,52,66,16,21,15,31,52,92,250,35,54,65,53,47,7,72,12,261,27,10,111,486,52,NA,68,127
1995-04-01,12,852,10,8,14,25,771,11,325,36,52,66,17,23,324,120,25,55,NA,82,5,17,77,17,138,NA,32,325,54,45,39,105,6724,124,147,358,NA,NA,203,68,68,77,15,80,167,18,6,31,47,9,9,11,32,40,70,185,49,72,47,34,38,6,68,8,222,16,5,98,353,30,6,46,127
1995-05-01,23,1195,16,7,18,28,919,15,310,53,56,79,18,27,415,143,28,63,7,112,NA,19,62,26,178,6,39,404,70,71,34,161,8725,155,220,490,5,NA,265,83,84,99,28,122,261,19,7,56,68,10,19,20,46,47,99,267,46,90,45,50,28,NA,89,9,296,20,5,135,518,28,8,69,131
1995-06-01,15,1255,21,8,17,25,1023,7,352,51,78,93,16,28,430,162,39,69,5,114,NA,14,66,23,176,NA,41,442,79,73,47,154,9053,151,250,459,5,6,284,94,78,102,32,105,224,27,6,46,46,19,18,23,47,55,108,265,54,82,64,70,43,7,75,9,250,25,11,126,509,39,10,63,152
1995-07-01,30,1172,25,9,13,24,890,15,282,64,77,91,18,28,427,151,35,75,NA,104,NA,16,74,21,146,NA,55,391,81,70,62,184,8468,144,204,468,9,5,268,90,90,79,29,120,193,22,10,78,50,7,14,12,37,45,95,217,59,89,49,53,35,11,83,12,228,20,9,92,472,37,6,56,164
1995-08-01,34,1191,15,11,22,29,921,9,331,47,84,92,30,30,476,129,32,67,7,135,7,16,79,26,167,NA,45,377,83,66,60,159,8763,154,219,436,6,NA,259,102,104,65,36,115,220,18,9,62,76,6,15,23,46,52,106,262,52,79,54,53,50,NA,65,NA,259,31,9,133,496,47,7,47,131
1995-09-01,24,1174,22,6,20,29,919,20,281,62,61,88,17,21,465,149,26,52,5,136,NA,26,62,28,170,5,41,361,78,62,51,145,8432,151,202,441,7,6,256,81,76,110,29,101,224,20,NA,61,71,12,15,15,39,43,104,249,46,70,48,43,43,7,71,11,245,24,5,143,442,38,9,62,135
1995-10-01,27,1042,8,7,23,26,819,12,266,36,87,86,19,24,465,140,34,46,7,99,NA,13,67,19,170,6,42,367,63,64,39,152,7845,139,179,409,12,5,212,102,76,146,26,98,209,26,13,46,49,17,9,20,35,48,92,203,48,61,45,45,39,NA,69,15,238,19,7,93,417,32,6,50,123
1995-11-01,30,1280,16,8,24,26,1125,17,378,49,79,107,23,27,711,168,23,74,6,140,NA,13,69,34,175,6,44,415,63,73,52,162,9982,187,196,494,7,NA,549,85,84,158,30,124,253,28,17,38,72,12,17,11,41,60,110,218,49,72,72,45,31,9,67,12,287,19,12,164,616,36,NA,82,134
1995-12-01,22,1120,11,7,14,18,1016,13,347,40,59,71,19,21,492,113,23,51,NA,90,5,13,54,16,139,6,42,329,64,44,42,130,8016,136,189,371,6,6,385,74,74,89,28,89,159,19,8,31,47,6,15,9,24,32,82,194,41,89,59,45,33,5,49,8,227,31,9,128,514,31,6,42,131
1996-01-01,23,1126,11,10,21,26,945,16,584,66,63,97,10,24,515,147,31,54,8,84,NA,19,58,20,144,8,30,367,74,55,49,155,8615,141,186,445,7,7,329,83,79,108,35,106,174,23,11,38,58,11,15,19,27,54,97,194,38,64,58,44,42,7,72,14,221,17,10,112,532,29,6,59,122
1996-02-01,27,1199,14,10,21,26,1087,14,633,56,60,78,13,24,465,121,24,48,8,110,NA,13,74,18,164,7,53,395,67,78,31,137,9123,171,234,434,6,NA,360,75,75,95,28,106,194,33,9,43,82,8,17,14,34,42,104,236,50,81,65,55,34,NA,67,18,277,18,15,144,484,49,8,72,138
1996-03-01,22,1369,20,10,24,27,1063,6,507,56,69,78,16,35,551,138,26,67,8,129,5,16,76,18,184,9,50,494,99,76,46,188,9795,172,200,513,6,NA,354,86,71,115,37,114,237,26,13,39,71,18,19,10,55,53,120,286,59,72,73,53,46,10,64,19,261,21,9,140,517,47,12,75,126
1996-04-01,24,1342,8,5,25,46,899,16,372,62,64,99,17,17,437,139,40,80,6,125,5,16,80,19,186,6,31,374,83,57,45,143,8966,170,189,470,NA,6,309,93,85,112,23,116,191,26,6,43,53,9,12,14,51,49,122,278,47,72,60,38,41,14,81,12,300,28,9,122,532,38,9,60,128
1996-05-01,24,1511,7,7,33,41,1127,16,368,55,94,116,19,30,543,192,25,58,9,145,8,25,91,27,204,6,53,488,112,78,64,179,10655,231,241,591,NA,9,287,131,111,126,36,153,261,31,16,60,65,6,19,26,44,57,135,306,62,100,63,68,44,NA,105,21,360,34,12,167,528,46,7,72,168
1996-06-01,24,1276,7,9,21,37,859,21,308,59,62,82,21,27,462,163,24,72,10,132,5,19,59,16,184,16,39,402,93,80,50,163,8693,136,201,476,5,8,204,81,81,104,24,130,226,24,11,38,70,10,31,19,27,49,96,245,47,71,55,50,48,7,70,14,282,27,7,115,493,38,6,60,137
1996-07-01,31,1435,18,6,22,39,1078,15,309,75,73,100,17,30,541,162,29,81,7,160,NA,15,94,24,223,5,42,460,109,81,67,186,10165,171,249,556,10,6,270,114,97,104,34,147,216,23,23,59,77,11,15,20,50,70,131,294,56,89,66,43,37,9,87,14,336,19,7,164,558,48,12,84,163
1996-08-01,29,1325,16,10,27,41,1050,17,351,51,63,86,25,28,511,185,27,66,NA,168,NA,20,81,17,190,NA,49,442,70,62,48,163,9663,161,202,524,11,NA,299,101,93,91,33,142,245,36,10,69,82,15,20,20,48,52,119,273,48,98,53,54,43,5,76,15,326,8,7,157,566,36,10,69,119
1996-09-01,21,1321,12,10,30,34,954,19,275,55,81,99,13,27,510,162,34,72,11,155,NA,16,76,25,180,NA,51,439,74,59,45,143,9147,163,201,452,6,NA,252,90,79,132,29,126,217,29,9,53,59,8,23,22,31,59,102,281,52,105,69,66,45,6,67,9,331,15,8,143,465,42,5,51,141
1996-10-01,24,1343,16,5,20,35,1003,22,305,57,72,98,22,21,524,178,29,56,11,120,NA,22,95,19,188,5,43,446,79,61,40,168,9364,160,241,494,10,NA,264,95,70,174,30,116,220,30,11,56,60,10,16,22,31,66,95,274,43,88,62,63,47,7,92,17,300,22,11,124,506,44,9,52,126
1996-11-01,22,1333,11,NA,24,29,1124,16,365,66,77,100,12,44,736,162,25,56,8,133,NA,19,63,21,166,NA,46,418,77,54,51,149,9993,161,251,519,8,8,578,102,74,160,36,120,203,25,24,60,68,7,16,18,33,54,132,232,50,91,50,43,39,8,58,13,291,28,10,129,557,37,5,55,137
1996-12-01,27,1460,14,11,26,32,1226,30,510,60,81,104,15,33,667,182,29,80,7,152,NA,25,79,24,202,NA,51,458,82,55,49,162,10615,178,266,504,NA,NA,464,86,73,99,45,119,232,23,24,60,59,14,18,14,35,41,115,255,55,90,68,51,45,7,87,16,304,28,16,133,643,53,9,77,163
1997-01-01,17,1399,12,11,26,37,1049,15,687,73,76,80,21,36,552,138,31,59,12,136,NA,18,93,28,166,7,43,412,96,59,39,147,9619,146,208,442,6,NA,322,78,81,88,31,127,211,29,10,49,80,8,18,11,24,56,91,238,66,73,53,50,41,5,81,17,259,16,9,125,547,39,5,72,126
1997-02-01,31,1383,12,13,21,32,1133,16,652,66,87,102,20,26,574,144,33,62,10,111,NA,9,84,30,192,NA,55,479,105,52,51,155,9990,155,218,498,11,NA,353,95,73,85,27,130,217,36,7,50,52,12,17,19,27,47,120,247,51,94,61,63,39,10,60,13,324,27,9,127,525,43,8,52,148
1997-03-01,13,1347,14,8,28,41,1051,17,532,55,73,99,22,20,450,124,20,70,5,124,NA,15,66,15,186,NA,42,452,84,49,51,130,9278,157,215,500,NA,6,258,88,65,84,37,138,207,23,11,47,75,8,10,17,41,45,101,267,51,92,46,37,45,10,74,12,329,18,10,107,514,45,7,65,116
1997-04-01,24,1457,11,5,30,28,1052,16,435,82,91,101,27,37,548,183,25,72,8,121,NA,20,87,17,210,5,56,524,93,70,52,163,10515,169,254,603,14,8,296,134,90,128,28,154,213,26,10,61,53,8,21,14,42,63,120,326,66,97,79,41,45,8,87,13,383,38,15,121,646,42,10,58,171
1997-05-01,18,1565,16,8,37,45,1089,20,363,74,100,122,27,36,559,227,19,68,NA,164,5,13,76,23,228,8,41,538,97,76,61,194,10761,162,215,567,6,8,269,109,93,116,28,140,255,23,16,59,89,11,15,22,29,69,117,361,60,107,50,64,50,6,80,10,390,32,16,167,640,41,21,69,149
1997-06-01,19,1433,11,7,23,31,935,19,320,66,79,88,14,25,508,168,31,57,6,149,6,14,89,21,177,5,56,491,81,54,56,164,9490,167,213,559,8,6,234,98,65,99,34,138,213,29,7,48,63,8,17,21,36,57,103,292,44,69,62,49,47,NA,93,10,328,30,12,133,538,37,6,64,159
1997-07-01,20,1670,14,13,28,31,1154,20,318,86,115,122,24,30,571,174,22,68,8,170,NA,9,70,23,201,5,55,583,96,62,57,195,11000,174,219,623,6,8,314,119,72,109,35,183,253,22,8,61,82,10,22,25,37,65,147,337,75,86,58,66,48,6,87,12,426,21,14,156,621,49,13,73,148
1997-08-01,29,1548,18,14,32,38,1063,14,281,80,92,100,21,35,535,173,34,80,9,153,NA,17,76,24,189,NA,46,527,102,79,55,151,10334,171,202,582,NA,11,271,117,72,85,35,148,248,20,13,68,63,14,15,22,41,56,112,323,77,82,77,49,56,NA,79,16,427,26,14,129,629,39,13,70,152
1997-09-01,23,1500,8,7,33,28,1056,18,306,58,113,105,22,30,537,145,25,72,13,148,NA,13,69,18,175,5,46,570,110,61,51,173,10349,150,250,583,8,6,297,117,87,129,32,176,258,31,16,52,72,6,6,24,37,46,136,318,54,97,57,57,54,9,86,12,369,26,8,163,604,54,8,59,169
1997-10-01,21,1510,14,7,36,37,1037,16,272,62,102,96,22,27,581,151,24,50,7,156,NA,20,67,15,185,6,48,607,87,58,50,154,10193,151,200,533,9,5,273,107,92,211,30,164,220,32,9,55,58,8,20,18,28,77,130,347,40,102,56,54,45,NA,67,12,375,31,10,129,579,43,7,59,189
1997-11-01,33,1578,15,10,32,28,1169,14,400,75,93,108,16,30,763,134,29,59,NA,141,NA,21,71,23,188,6,44,540,92,69,45,161,11112,153,227,542,6,10,606,130,105,153,23,153,232,42,16,65,81,9,22,22,37,59,116,321,55,96,53,51,46,NA,64,12,416,25,NA,129,676,50,5,50,191
1997-12-01,26,1656,16,8,33,36,1284,17,453,57,100,103,14,29,708,152,28,76,NA,143,NA,15,88,21,189,5,50,559,100,58,53,159,11066,168,232,557,8,NA,457,98,104,106,26,139,240,16,22,49,61,5,25,15,36,53,109,298,50,106,70,52,41,10,81,19,381,16,19,110,692,44,15,56,159
1998-01-01,26,1513,15,8,32,33,1257,16,808,68,98,119,19,38,616,135,26,58,10,127,NA,17,78,17,161,NA,49,576,80,76,41,171,11071,189,205,596,8,NA,359,114,92,89,25,165,228,29,22,44,71,12,13,20,32,66,119,318,57,78,77,42,45,8,96,20,367,11,NA,126,625,46,18,57,169
1998-02-01,26,1590,22,12,22,31,1276,22,585,78,112,124,15,31,650,146,28,85,NA,129,NA,15,89,32,210,8,34,494,97,50,55,120,11030,175,218,596,7,5,347,123,83,94,34,175,265,25,8,56,81,11,22,28,38,57,111,333,65,102,74,69,32,9,77,9,384,29,9,139,592,53,8,61,161
1998-03-01,21,1658,17,8,32,44,1252,12,545,88,88,108,12,22,608,152,21,52,7,122,NA,20,99,26,210,5,56,602,116,67,54,136,11283,171,228,620,11,7,314,110,89,116,20,157,297,29,16,62,92,8,24,18,44,60,118,342,56,81,67,69,67,NA,87,7,412,24,8,122,662,52,12,67,170
1998-04-01,30,1525,19,13,27,37,1108,19,363,69,107,119,23,33,530,155,34,46,12,137,NA,19,77,26,226,6,46,636,115,74,48,167,10801,164,230,640,8,NA,242,92,100,104,27,214,263,26,12,48,76,13,16,20,29,75,106,394,60,103,76,53,54,8,91,16,394,23,NA,143,643,42,15,71,168
1998-05-01,43,1653,14,8,43,36,1151,16,342,79,94,104,23,29,543,179,21,69,9,131,7,12,71,24,203,14,58,587,90,59,64,151,10939,168,202,649,12,5,265,106,89,92,33,192,256,24,22,62,72,9,18,30,36,79,125,369,82,79,58,71,53,8,85,15,394,27,10,161,620,54,10,74,194
1998-06-01,35,1566,15,13,24,31,1107,16,286,63,124,117,28,22,563,194,20,69,NA,135,NA,17,91,35,201,NA,53,610,105,49,65,182,10936,205,214,646,8,NA,270,142,103,82,23,211,272,35,10,58,80,10,24,17,45,68,126,357,66,91,79,68,54,9,95,14,372,15,5,141,664,54,17,67,185
1998-07-01,31,1845,24,10,35,34,1279,20,307,93,112,151,33,46,635,224,22,53,7,149,NA,19,100,26,224,7,64,681,99,47,62,167,12278,214,244,748,5,NA,307,141,95,82,35,206,322,35,10,67,73,8,28,24,39,67,126,461,89,117,67,60,48,7,76,19,496,19,9,132,718,56,13,80,215
1998-08-01,26,1678,14,9,40,28,1159,21,273,91,122,98,19,18,623,199,29,66,8,132,NA,15,105,24,184,6,54,685,128,63,59,194,11436,151,235,684,7,NA,276,114,86,80,33,192,312,40,14,69,110,12,19,19,36,80,148,406,64,78,78,58,51,5,89,17,458,17,8,150,672,44,11,67,195
1998-09-01,29,1717,9,10,38,31,1082,17,293,92,113,121,18,26,557,180,38,54,7,138,NA,21,91,20,214,6,71,664,122,70,55,194,11326,167,239,653,11,8,251,138,104,151,32,182,284,38,9,74,103,8,34,24,35,73,119,380,64,82,70,69,56,8,84,18,465,25,6,139,644,56,9,62,175
1998-10-01,37,1720,16,6,37,25,1149,22,270,93,113,127,22,31,651,189,32,65,10,134,NA,11,80,35,208,11,51,671,98,49,53,172,11375,150,212,631,7,10,250,126,100,183,29,188,269,32,17,50,80,10,20,16,26,68,122,437,58,80,82,64,57,7,94,7,443,30,11,134,659,54,13,69,197
1998-11-01,24,1816,16,7,23,22,1357,22,381,84,85,99,23,31,755,174,24,61,7,133,NA,16,91,24,224,NA,48,660,101,59,53,155,12121,173,235,661,8,9,609,140,103,124,27,175,280,24,23,59,80,10,12,24,32,59,144,379,63,85,59,58,61,9,84,8,435,19,NA,116,736,52,NA,85,172
1998-12-01,40,1895,13,10,31,30,1397,12,508,89,116,106,16,42,763,151,24,60,7,146,NA,12,93,27,254,6,70,631,106,64,53,185,12580,185,224,699,12,5,564,136,80,95,30,163,265,31,20,60,79,7,23,25,43,63,114,384,62,83,67,73,49,12,89,13,438,25,10,143,809,57,8,80,210
1999-01-01,24,1661,17,10,29,35,1223,18,842,85,89,108,16,33,687,158,24,65,8,101,NA,21,95,19,182,10,54,625,76,58,41,171,11414,163,197,586,7,NA,369,122,85,114,25,159,269,19,14,34,61,11,27,17,31,70,102,321,69,68,77,60,47,5,78,10,363,28,15,131,668,54,9,64,205
1999-02-01,32,1772,13,7,38,41,1438,16,700,94,113,115,20,30,673,165,25,65,9,121,NA,34,114,18,195,8,43,643,84,77,59,159,12221,190,196,657,9,10,329,131,80,90,34,190,269,32,15,60,91,8,26,28,39,62,97,384,73,66,80,57,51,7,93,10,419,18,7,159,754,67,7,93,227
1999-03-01,38,1950,22,5,26,41,1360,25,543,87,133,130,16,22,666,180,26,75,9,115,8,23,120,21,284,7,77,736,120,66,60,201,12872,178,231,697,10,5,321,125,107,106,26,199,263,23,18,54,68,12,27,20,34,69,145,468,85,82,117,69,59,9,113,6,525,24,11,142,772,63,11,70,217
1999-04-01,31,1702,20,9,31,31,1107,18,315,81,109,105,22,14,576,170,26,65,7,109,NA,18,112,29,226,12,56,650,107,51,53,163,11079,160,218,626,14,8,255,129,100,97,22,187,226,23,19,55,78,9,32,28,23,75,98,398,70,98,73,70,70,NA,106,10,397,26,12,120,671,48,10,84,208
1999-05-01,38,1687,22,13,25,38,1205,19,316,91,108,102,28,37,568,197,34,61,8,112,6,19,100,21,230,8,35,666,113,67,61,166,11366,180,211,666,15,6,263,137,106,81,24,195,224,32,24,49,71,12,23,18,40,79,112,370,78,84,61,80,68,7,101,15,464,24,14,141,656,58,9,89,200
1999-06-01,54,1698,10,14,29,39,1080,20,280,98,110,114,25,24,588,207,31,71,NA,119,9,20,110,27,207,8,58,654,126,59,79,149,11301,183,219,625,9,12,278,121,111,87,25,184,269,26,24,69,75,5,18,22,28,73,112,380,79,82,74,68,62,11,84,13,428,20,9,124,724,60,9,67,223
1999-07-01,34,1775,7,9,29,38,1201,23,286,106,126,116,29,26,659,189,29,71,7,104,6,19,103,22,227,10,48,680,120,63,71,192,11677,162,256,648,7,5,266,120,111,70,37,190,253,17,27,55,82,10,21,24,47,74,122,375,71,89,78,77,52,6,104,7,413,14,17,147,769,73,11,62,211
1999-08-01,43,1851,14,8,27,29,1306,12,267,77,137,117,20,34,662,194,26,66,NA,117,NA,26,117,11,233,7,63,668,126,74,74,198,12051,197,229,674,14,12,288,140,102,64,27,213,290,27,14,55,99,NA,19,14,34,78,123,401,73,83,66,71,62,NA,112,5,476,19,14,139,721,78,11,66,246
1999-09-01,36,1748,7,8,45,27,1189,15,257,88,123,112,18,25,631,171,37,62,11,120,6,32,122,22,213,9,57,677,117,92,76,174,11561,171,187,636,18,8,288,129,112,119,36,198,272,25,23,53,74,11,24,23,39,73,120,357,73,66,100,65,67,8,96,9,454,33,8,134,716,71,NA,62,201
1999-10-01,44,1593,14,11,18,41,1126,17,248,94,124,73,17,19,613,145,28,93,15,120,7,18,105,46,218,8,57,603,102,48,60,159,10922,177,222,579,10,NA,265,130,102,190,30,174,210,38,14,50,62,10,11,34,33,68,124,406,64,80,85,66,68,8,90,9,401,16,9,118,668,56,10,80,197
1999-11-01,40,1821,8,11,35,23,1400,21,464,82,101,109,19,28,861,196,36,65,12,141,NA,16,115,25,242,NA,61,667,99,67,70,163,12728,165,191,649,22,8,569,155,93,124,34,196,272,32,27,56,77,12,15,23,33,73,120,391,71,84,89,65,56,7,94,9,402,24,6,138,901,63,10,60,214
1999-12-01,30,1888,18,11,41,36,1514,20,575,85,111,99,16,36,810,169,28,76,16,136,NA,19,109,17,250,9,50,657,109,62,59,176,13085,215,200,703,17,7,572,134,85,117,24,191,241,30,23,52,67,16,24,17,37,87,122,404,57,109,100,66,55,6,93,9,458,12,11,143,872,69,NA,80,250
2000-01-01,35,1555,12,10,22,28,1313,13,744,92,103,96,14,20,621,155,23,52,8,110,6,23,98,19,173,10,56,573,115,62,48,179,11223,154,209,562,10,6,359,111,80,124,26,162,218,24,13,36,78,12,23,21,36,70,126,307,63,83,58,75,64,NA,84,11,371,30,13,129,668,55,13,79,192
2000-02-01,29,1937,19,7,32,38,1468,13,686,94,106,116,28,24,757,180,40,69,7,106,NA,27,125,26,253,9,59,695,94,84,58,168,12812,153,209,621,14,5,377,137,91,135,26,170,264,43,14,50,73,8,13,19,35,57,142,403,72,81,63,86,53,7,103,7,434,24,9,137,890,61,8,84,204
2000-03-01,51,2004,14,14,35,41,1522,9,563,119,134,116,19,28,663,171,31,77,12,120,NA,20,131,38,239,7,48,732,137,91,62,181,13291,209,229,733,9,5,308,155,99,181,27,213,296,37,30,53,80,8,20,22,49,69,130,452,81,91,100,88,77,8,104,14,449,27,13,156,795,66,8,67,224
2000-04-01,35,1475,10,8,19,28,884,18,306,92,76,81,19,17,518,155,29,51,NA,92,10,15,105,16,183,6,39,548,81,41,45,167,9600,122,186,543,14,5,215,121,80,99,31,152,225,20,17,41,68,12,18,15,32,73,103,333,63,59,76,56,58,5,76,7,334,11,8,94,692,63,7,61,179
2000-05-01,44,1906,10,13,39,43,1258,16,363,109,142,133,19,26,640,210,34,82,12,111,NA,25,138,23,267,NA,68,719,133,75,71,175,12858,212,211,720,12,NA,293,156,112,167,44,212,277,24,15,61,63,12,28,28,36,80,144,436,77,79,87,56,66,NA,119,17,505,14,16,152,929,68,16,80,238
2000-06-01,39,1820,13,9,32,32,1235,25,259,116,138,107,16,27,612,198,25,55,11,124,NA,22,117,25,236,6,51,719,150,59,70,191,11932,166,232,675,15,11,277,141,119,100,27,206,264,38,25,58,64,14,21,26,39,78,119,386,63,87,71,71,59,9,112,17,444,15,10,126,782,71,11,66,207
2000-07-01,36,1808,17,11,45,37,1191,20,310,100,128,114,18,22,624,177,36,83,6,127,NA,18,123,21,258,5,60,680,111,51,75,204,11974,181,193,685,15,8,291,127,91,68,33,191,288,27,19,58,87,12,19,19,39,94,113,381,77,84,77,61,70,8,94,14,471,21,17,127,829,65,16,75,232
2000-08-01,32,1901,8,11,48,29,1230,11,315,97,127,126,25,31,621,198,30,91,9,119,NA,28,137,25,248,7,55,692,125,76,68,186,12240,163,200,736,11,9,314,157,110,79,28,209,247,25,23,52,82,8,17,40,44,70,146,384,93,80,92,85,68,8,96,12,460,18,8,118,803,71,12,83,203
2000-09-01,29,1604,14,16,31,29,1059,18,256,85,119,97,18,25,627,190,28,72,10,144,NA,18,106,26,252,6,48,654,111,66,43,165,10986,160,184,598,13,6,306,119,68,116,26,214,264,36,17,54,68,7,17,24,43,78,111,371,68,72,82,66,51,5,88,11,426,17,16,110,724,58,6,70,186
2000-10-01,46,1746,18,16,25,31,1158,14,258,107,94,105,15,25,666,164,37,89,14,125,NA,18,118,18,222,9,53,647,99,56,58,168,11653,160,212,697,10,7,261,131,77,198,30,220,297,44,16,57,80,12,13,15,28,68,121,404,78,77,82,78,68,NA,86,5,476,18,7,137,767,62,11,78,178
2000-11-01,41,1952,11,8,29,31,1338,16,364,104,124,101,30,26,773,134,28,78,10,102,5,18,134,22,223,6,65,686,116,67,59,176,12734,201,210,663,7,5,502,145,103,143,31,190,244,45,32,42,69,6,16,27,42,54,127,398,61,79,83,90,57,7,101,18,453,16,11,114,947,69,12,84,252
2000-12-01,23,1988,11,8,23,31,1278,17,484,77,98,88,21,19,818,180,29,77,8,129,NA,22,114,5,216,7,45,675,109,56,45,169,12483,151,227,691,15,5,550,106,92,113,28,179,273,32,21,55,66,11,23,24,29,62,122,391,73,77,81,58,48,5,94,12,433,14,11,143,889,68,12,68,210
2001-01-01,26,1752,14,8,25,43,1321,14,843,82,94,116,24,24,710,140,19,80,10,110,NA,17,115,16,208,6,51,607,90,71,60,157,11844,139,167,575,13,12,406,119,78,103,35,181,255,38,17,54,69,NA,12,14,33,69,141,319,44,75,85,59,50,6,67,8,399,12,8,103,824,58,7,68,217
2001-02-01,33,1885,16,10,38,28,1413,17,629,111,102,107,20,27,708,168,25,51,10,120,7,19,120,23,234,5,60,691,105,56,69,172,12641,176,235,653,13,6,386,140,101,94,34,204,256,23,16,52,80,13,11,25,32,71,122,376,78,69,95,77,58,NA,93,12,470,18,11,130,955,66,NA,69,205
2001-03-01,43,1949,11,16,40,37,1415,20,579,112,127,128,24,31,701,152,30,81,8,110,NA,17,124,25,253,7,49,767,107,76,72,154,13013,184,225,741,19,NA,325,147,101,109,26,217,264,17,16,57,60,12,29,12,24,74,155,432,69,84,96,75,82,6,99,8,501,25,12,134,837,88,11,83,238
2001-04-01,39,1695,13,9,27,33,1137,22,327,91,118,96,18,26,503,153,28,64,19,100,7,16,116,15,203,13,51,660,109,53,51,170,10950,160,203,610,19,NA,256,126,104,109,24,205,234,25,18,54,56,NA,20,18,44,70,108,361,84,73,76,62,69,5,82,11,389,13,9,121,767,71,15,67,193
2001-05-01,37,1947,19,10,25,50,1242,18,351,102,124,106,18,30,634,214,42,90,7,105,NA,22,123,21,226,9,57,696,103,84,66,186,12377,187,223,650,11,14,296,139,89,112,33,200,292,16,26,65,71,17,26,25,52,85,136,421,72,81,98,86,70,5,104,9,458,26,12,110,865,74,11,93,220
2001-06-01,41,1627,5,13,35,27,1028,14,297,110,98,91,22,20,545,171,31,73,5,94,NA,20,98,19,218,NA,55,615,96,67,65,167,10626,157,200,600,11,5,260,102,89,70,29,209,245,26,18,56,67,16,17,14,29,81,110,357,68,81,91,76,51,NA,100,11,401,19,9,104,709,65,11,72,182
2001-07-01,54,1895,10,10,32,24,1233,18,260,137,133,122,20,25,728,159,44,73,11,142,NA,15,136,26,243,5,56,692,140,64,66,209,12574,183,233,691,18,9,357,162,115,80,27,235,291,25,27,55,66,14,22,19,34,75,139,393,75,97,97,73,85,NA,104,15,482,14,7,124,869,94,10,77,235
2001-08-01,35,1880,17,15,44,32,1251,21,265,82,137,115,30,28,663,178,33,70,9,150,NA,28,111,14,243,5,66,705,118,71,68,171,12191,186,224,661,15,7,315,161,99,87,26,230,354,22,18,52,70,15,20,21,58,79,115,400,73,89,74,65,69,5,92,8,459,21,10,126,771,87,8,87,190
2001-09-01,36,1617,10,14,27,24,1070,22,218,99,102,92,23,13,594,132,27,65,15,110,NA,23,103,20,240,5,40,576,109,63,53,162,10560,145,183,581,6,6,263,135,93,102,34,189,303,17,15,44,72,7,14,13,28,62,127,370,67,75,67,62,64,5,73,8,382,15,9,113,696,66,5,75,202
2001-10-01,38,1756,12,12,44,38,1209,18,280,96,139,103,19,27,615,192,41,77,14,127,NA,27,132,13,207,NA,55,654,118,89,52,164,11974,181,215,658,14,8,294,143,86,221,34,201,289,43,15,44,63,18,15,23,25,68,126,363,83,105,93,77,66,9,80,7,453,15,20,128,850,70,11,83,223
2001-11-01,39,1946,13,10,27,38,1358,16,426,102,108,114,17,35,820,155,35,78,NA,135,NA,24,115,21,248,6,52,629,114,66,52,155,12789,160,186,649,11,9,532,121,113,139,22,175,264,66,32,42,83,10,18,12,45,81,112,379,61,101,83,67,86,6,107,13,429,23,13,135,980,76,10,58,192
2001-12-01,35,2038,11,11,34,32,1365,11,495,90,130,104,19,20,778,140,31,62,7,139,8,28,105,18,205,6,53,633,119,75,56,161,12733,172,195,711,10,7,542,130,90,116,21,213,266,29,20,41,49,12,14,12,34,68,117,373,53,90,93,52,53,6,88,12,432,22,16,115,999,67,11,77,192
2002-01-01,24,1639,11,13,25,36,1315,15,830,78,95,116,20,34,737,159,28,63,8,142,NA,17,110,14,209,NA,49,627,110,53,46,173,12122,171,177,632,18,8,361,119,86,105,32,148,388,22,28,49,67,14,14,17,31,90,124,334,61,83,85,59,60,10,99,9,373,27,13,131,863,61,10,62,212
2002-02-01,33,1865,13,15,28,25,1404,17,668,83,122,101,13,20,690,155,28,59,14,141,NA,19,113,24,227,NA,41,615,113,62,67,154,12355,150,196,623,14,8,328,142,95,110,24,200,242,34,9,42,57,13,14,18,41,70,138,409,74,79,101,67,55,NA,81,6,413,19,8,110,969,66,10,89,215
2002-03-01,28,1760,11,14,25,31,1307,28,511,88,133,104,28,25,654,131,32,78,NA,125,NA,21,128,22,221,NA,42,644,123,68,52,138,11970,162,197,655,12,12,329,111,95,92,24,198,279,34,15,46,75,14,20,20,36,56,133,369,70,75,100,70,77,NA,130,16,405,19,8,107,848,61,7,85,223
2002-04-01,33,1820,18,16,26,40,1301,16,395,119,131,104,22,32,593,170,37,67,9,133,5,13,137,23,233,NA,53,717,112,63,59,152,12415,158,216,738,17,NA,308,145,114,119,33,191,284,33,23,65,77,13,17,16,40,70,156,423,75,107,80,68,78,NA,103,15,457,18,11,130,831,79,14,101,224
2002-05-01,52,1955,14,15,38,35,1269,13,317,128,128,116,21,18,638,213,32,71,12,133,NA,28,137,15,251,5,56,703,136,78,49,176,12616,178,199,740,16,11,324,156,112,117,30,210,311,29,20,63,76,NA,32,28,35,93,137,391,77,95,72,75,58,7,111,11,450,21,11,127,819,71,13,97,234
2002-06-01,39,1700,20,15,33,34,1037,25,275,99,116,78,22,21,527,152,31,62,6,147,NA,23,99,24,190,9,45,593,105,54,72,157,10774,158,177,585,14,8,276,124,88,134,26,177,235,30,14,50,64,14,21,21,29,74,96,332,68,66,89,60,71,5,89,NA,392,9,NA,103,782,81,10,101,200
2002-07-01,42,2034,14,15,39,26,1325,11,336,100,129,112,22,33,632,165,21,76,14,144,6,18,141,11,276,5,55,693,126,89,68,149,12854,186,230,694,12,NA,325,160,101,100,33,202,282,31,17,66,87,12,27,24,47,77,152,417,83,87,87,78,66,6,82,9,441,31,5,128,959,85,15,95,233
2002-08-01,34,1630,10,10,22,24,1061,21,243,75,125,83,24,21,544,137,25,72,9,109,NA,34,94,21,223,NA,44,599,112,68,51,125,10555,177,176,569,9,5,250,113,81,82,28,179,257,32,11,58,73,17,15,26,35,64,85,336,70,81,91,68,69,6,97,11,427,13,16,121,733,59,12,70,179
2002-09-01,34,1670,13,10,35,30,1116,9,264,103,118,101,22,33,527,187,36,74,7,133,NA,22,116,20,208,8,51,608,114,74,55,166,11204,136,216,577,18,NA,293,127,74,124,39,198,313,22,18,46,63,7,16,28,29,77,99,363,65,84,92,78,51,NA,98,7,433,31,8,122,804,69,8,71,205
2002-10-01,47,1787,16,16,39,29,1222,12,286,92,125,115,19,30,603,173,35,77,9,150,NA,21,133,14,232,8,48,678,118,83,46,166,11941,170,196,613,16,12,282,134,105,239,28,222,281,26,22,48,70,9,10,23,39,78,111,360,71,79,87,68,68,NA,102,11,469,15,11,122,855,66,7,70,209
2002-11-01,28,1830,16,16,38,45,1352,12,414,101,100,118,24,27,724,180,32,68,9,164,NA,21,120,13,242,6,59,663,116,74,64,174,13031,186,204,683,9,NA,517,128,103,194,28,211,272,33,31,42,70,9,21,26,33,82,111,389,73,77,89,72,63,5,106,15,437,29,8,110,1121,87,10,117,228
2002-12-01,24,1879,11,12,41,46,1330,12,476,92,126,96,19,31,760,168,30,61,8,158,NA,12,120,17,220,6,37,669,85,72,61,136,12331,176,200,666,9,5,521,108,102,142,18,195,244,29,21,41,56,10,9,27,37,59,105,354,49,79,79,34,60,NA,97,9,420,23,5,110,916,68,18,85,202
2003-01-01,32,2001,10,10,24,34,1483,16,927,88,126,92,18,27,797,167,26,71,8,165,NA,26,120,20,247,NA,57,663,120,76,51,194,13648,191,195,708,18,10,445,122,115,129,31,231,259,29,23,52,82,15,19,24,32,69,122,426,59,105,77,80,73,NA,108,14,453,27,13,146,942,80,10,83,223
2003-02-01,31,1889,8,14,24,34,1433,16,756,89,118,100,15,24,677,142,27,73,11,146,NA,21,126,18,255,5,54,624,99,71,61,162,12728,177,190,655,15,9,390,141,120,99,27,211,266,34,26,43,70,14,14,15,30,70,128,388,55,85,74,71,62,NA,96,14,419,20,12,85,988,75,14,102,202
2003-03-01,39,1998,8,19,37,38,1533,18,664,104,133,115,25,23,679,170,32,78,15,143,10,26,133,14,247,7,56,717,117,74,70,175,13671,180,197,753,16,6,371,150,110,127,26,246,306,32,20,52,83,16,29,24,42,60,120,453,76,95,85,89,70,8,100,10,464,35,11,118,1052,97,11,95,234
2003-04-01,33,1763,12,7,34,40,1117,17,376,97,120,96,21,10,510,133,24,71,13,134,8,21,107,14,210,5,60,585,90,48,52,129,11002,135,171,637,6,5,283,136,99,147,27,226,237,12,23,53,60,12,17,18,35,80,110,378,55,69,72,64,67,5,121,12,413,25,14,100,715,73,13,71,184
2003-05-01,41,2171,23,12,35,43,1321,16,350,119,138,121,26,31,677,187,41,72,12,163,6,31,124,21,253,5,70,720,127,91,65,161,13773,198,372,788,14,9,333,181,102,165,46,287,286,38,26,49,86,16,29,27,31,85,150,490,73,100,99,76,86,12,128,15,545,29,16,120,884,88,10,79,246
2003-06-01,36,1774,17,NA,37,34,1135,8,340,91,108,95,24,20,579,158,49,60,9,136,NA,31,104,16,218,5,68,735,104,66,64,161,11487,150,228,655,14,6,270,139,100,106,21,202,270,17,21,51,68,15,22,24,20,50,119,372,77,81,75,69,75,7,85,10,412,26,9,112,752,63,12,109,213
2003-07-01,46,2149,14,18,48,50,1335,25,331,115,145,112,27,35,718,196,39,87,12,192,7,23,134,15,266,NA,60,823,103,62,66,226,13665,172,202,842,13,6,364,185,105,99,25,270,314,34,20,55,76,11,19,26,39,74,140,430,79,90,97,98,73,8,121,16,492,29,8,124,907,84,15,94,252
2003-08-01,33,1886,13,7,37,36,1228,13,261,96,123,83,23,34,585,179,38,83,10,145,NA,22,111,19,237,9,48,699,118,62,54,156,11934,185,225,645,9,5,248,129,109,97,30,219,252,32,16,57,64,12,22,27,37,70,139,418,70,97,85,74,55,9,120,12,465,25,17,125,816,75,16,108,196
2003-09-01,37,1922,15,13,32,32,1317,11,302,126,119,120,32,38,590,172,35,97,7,159,NA,27,149,18,219,6,52,780,108,67,48,164,12603,172,218,742,7,NA,302,145,115,167,34,237,259,28,22,55,58,15,17,13,30,95,129,436,79,95,93,69,70,8,103,18,505,34,18,107,814,93,11,77,230
2003-10-01,44,1977,17,11,22,33,1264,22,294,115,126,107,32,26,614,187,39,77,14,159,9,27,122,21,241,NA,48,728,88,70,71,176,12405,165,193,661,14,NA,301,127,99,243,26,213,268,32,22,55,63,12,19,23,37,77,111,423,72,107,88,73,72,8,98,9,477,25,16,105,844,91,6,79,207
2003-11-01,43,1988,14,9,37,22,1348,16,367,91,128,88,24,32,690,169,37,71,13,168,8,23,100,11,218,NA,41,734,121,48,79,139,12577,171,154,702,15,5,405,120,90,150,30,187,256,40,18,45,72,9,15,17,36,63,95,412,61,78,78,57,72,9,83,10,442,25,14,109,1102,72,11,72,237
2003-12-01,52,2450,19,14,45,42,1723,21,601,108,147,102,32,29,913,183,52,78,12,201,8,34,130,17,253,5,71,824,105,65,65,196,15588,187,225,858,13,8,620,168,99,157,21,239,315,48,34,51,81,9,25,17,38,96,134,454,68,111,83,67,77,7,119,12,583,32,12,120,1330,78,5,79,252
2004-01-01,30,1665,18,11,28,32,1370,19,826,78,124,86,16,36,694,137,20,64,14,152,6,26,108,16,187,5,51,648,104,60,44,148,11992,173,204,604,NA,5,341,116,101,135,29,216,244,33,27,46,67,10,27,22,31,68,89,317,61,69,70,54,59,NA,96,11,412,31,9,97,882,80,12,74,192
2004-02-01,34,1952,15,18,17,33,1631,20,766,107,119,104,24,23,725,147,21,90,8,176,12,23,121,14,230,NA,55,734,95,58,66,185,13590,162,208,741,7,9,381,144,93,131,25,240,284,27,16,52,68,14,24,26,24,79,102,407,69,78,63,80,62,5,94,11,443,29,14,123,1204,57,13,91,210
2004-03-01,40,2137,18,11,34,33,1572,16,602,134,171,110,25,33,728,138,29,97,9,182,10,26,129,24,289,8,80,853,116,65,63,165,14561,172,202,849,17,6,391,145,122,134,25,271,335,41,24,73,78,18,17,25,43,82,126,516,72,94,77,86,70,NA,101,7,542,28,14,138,1166,97,14,109,241
2004-04-01,42,1831,11,11,36,37,1257,11,371,99,150,91,26,22,586,150,26,83,12,150,5,33,138,11,235,10,48,750,93,67,61,157,12342,178,216,712,15,7,277,138,108,140,25,243,231,24,23,55,97,15,16,30,40,79,146,460,79,68,90,78,66,NA,88,16,491,29,14,113,857,89,6,89,235
2004-05-01,44,1837,16,7,24,29,1222,15,341,107,116,96,24,29,543,165,29,66,10,147,7,25,106,16,247,NA,61,710,94,62,51,183,11866,184,174,643,10,8,285,148,89,145,26,239,229,26,18,42,61,16,28,25,28,77,125,412,68,83,86,65,52,7,91,11,519,34,12,104,828,97,21,76,202
2004-06-01,40,1825,16,13,29,28,1143,20,315,96,113,95,15,24,564,155,30,67,16,146,10,16,121,30,184,NA,53,670,105,73,47,156,11430,161,193,635,9,6,290,125,96,109,28,216,263,24,17,45,43,12,22,28,39,69,116,383,60,83,73,65,64,NA,107,5,466,42,11,108,824,69,5,71,188
2004-07-01,39,2106,20,18,30,40,1371,17,390,112,132,92,37,30,721,183,35,89,14,195,13,37,169,28,271,5,48,893,112,81,58,210,14060,238,232,837,16,9,372,152,83,107,21,288,343,24,26,66,75,13,32,36,48,105,130,421,95,106,84,73,62,5,125,12,572,44,21,142,964,91,16,109,236
2004-08-01,41,1966,22,15,41,46,1180,27,318,108,131,94,27,26,681,167,25,92,15,178,5,37,149,18,240,10,55,731,97,63,48,178,12573,189,218,685,18,6,320,142,113,100,27,283,271,33,27,48,81,15,34,24,26,100,148,420,73,74,95,85,48,11,95,10,492,35,10,109,829,90,18,112,193
2004-09-01,30,1873,8,10,33,35,1179,12,278,98,136,120,30,31,623,156,25,90,20,192,10,34,133,21,219,NA,50,765,104,66,62,160,12200,177,210,692,15,7,291,148,73,148,21,261,270,17,29,54,87,20,20,23,35,83,119,425,56,79,80,77,59,7,96,12,474,43,18,135,804,87,11,88,231
2004-10-01,37,1692,21,12,25,39,1195,18,273,86,117,109,21,21,570,114,38,81,13,146,5,16,110,17,187,8,48,680,97,60,54,152,11130,162,195,617,9,NA,268,117,86,246,29,216,252,29,27,50,55,9,14,17,30,63,95,365,68,92,51,77,64,6,94,6,446,36,10,87,728,71,NA,69,185
2004-11-01,47,2139,17,16,25,36,1445,19,535,96,142,90,37,26,792,157,32,75,13,178,8,47,127,22,222,5,54,801,106,57,59,181,14219,194,207,767,12,NA,542,153,125,191,22,254,260,35,45,47,88,23,18,28,34,76,126,437,97,83,85,73,69,6,116,17,551,38,14,157,1183,79,11,90,234
2004-12-01,37,2353,25,15,27,34,1586,14,576,83,141,115,23,27,832,149,30,76,12,205,8,38,153,13,219,NA,55,829,87,80,54,159,14562,177,208,819,11,NA,593,140,119,175,27,249,270,31,31,41,77,12,18,21,42,82,129,415,76,106,91,69,76,NA,93,14,535,45,13,134,1133,91,9,79,236
2005-01-01,41,1844,14,16,25,32,1334,14,1016,82,124,99,22,19,679,105,20,55,15,148,5,23,108,21,176,5,33,629,85,64,56,122,12249,149,173,663,20,7,318,103,80,130,22,242,239,25,33,49,57,14,20,20,30,71,84,374,56,80,63,60,60,8,94,9,429,36,11,118,927,60,9,82,175
2005-02-01,30,1852,14,11,20,27,1554,20,734,98,116,93,16,20,643,153,31,69,17,134,6,27,116,11,205,6,45,652,80,55,56,133,12789,187,171,609,22,5,362,119,103,123,29,212,252,27,19,48,61,17,30,19,28,74,96,402,79,74,72,73,67,5,86,12,459,36,16,115,1242,86,10,90,189
2005-03-01,50,2175,16,12,28,47,1556,18,633,129,135,99,34,38,659,153,25,93,15,180,10,29,135,16,245,NA,61,866,92,91,46,161,13988,173,210,774,16,NA,338,152,113,134,26,271,272,33,33,61,75,19,21,20,35,76,114,481,64,85,90,76,79,6,99,11,540,37,11,132,1017,85,14,112,213
2005-04-01,50,1931,18,14,28,29,1284,17,440,89,139,93,23,24,584,145,29,69,9,144,9,26,120,17,208,NA,52,773,101,52,55,135,12033,170,162,693,12,5,288,113,87,141,26,220,270,24,26,51,61,14,18,12,34,64,109,388,77,94,77,74,62,11,89,10,515,28,15,108,802,74,12,81,193
2005-05-01,51,2199,19,15,37,38,1449,14,443,108,161,99,27,33,643,188,37,101,22,194,12,24,173,19,248,NA,57,890,131,75,50,211,14098,207,220,769,13,5,332,142,101,185,38,287,289,36,21,57,71,25,33,22,41,95,145,479,90,99,86,77,81,8,117,16,593,28,15,132,910,95,15,91,234
2005-06-01,42,1905,13,10,36,31,1216,15,384,97,126,104,34,29,594,171,25,76,13,171,NA,24,106,19,213,7,45,769,122,49,48,159,12205,166,191,717,15,14,291,132,111,116,33,238,243,23,22,57,66,13,25,22,36,86,106,430,83,85,70,89,62,6,120,10,510,36,15,122,782,80,9,98,200
2005-07-01,42,2066,18,9,31,34,1245,19,329,108,132,112,34,22,664,174,34,87,14,216,5,28,131,10,248,NA,55,755,114,50,62,190,13102,216,220,746,18,12,386,117,110,125,28,249,287,27,33,49,74,15,23,24,43,99,117,469,86,78,72,80,73,7,99,10,492,42,15,143,952,78,11,94,225
2005-08-01,43,2185,25,16,29,41,1367,22,336,110,129,131,30,26,674,173,30,86,17,219,8,26,142,24,213,8,50,827,111,71,61,169,13469,172,223,760,18,7,354,131,84,118,33,274,300,38,28,66,86,17,20,14,41,90,135,445,67,95,86,90,77,9,111,9,538,41,13,133,846,81,21,117,265
2005-09-01,45,1950,21,15,37,34,1247,25,267,109,138,107,34,40,621,172,24,74,18,173,7,34,134,20,197,7,56,776,106,53,40,186,12304,166,217,665,15,9,290,128,109,160,26,253,304,24,25,45,76,9,24,20,36,74,84,429,80,97,79,84,72,8,102,15,511,32,19,138,694,87,10,73,240
2005-10-01,41,1736,14,12,21,40,1207,21,273,90,103,95,27,21,622,163,22,82,15,144,10,21,93,19,207,NA,41,708,103,61,55,154,11590,191,192,626,20,8,266,133,82,257,26,238,267,31,34,43,79,10,23,22,26,93,94,381,56,83,76,51,75,7,84,9,468,44,9,109,777,83,5,79,205
2005-11-01,50,2355,23,16,34,38,1555,13,408,112,151,89,29,27,743,194,25,87,19,182,8,21,146,19,231,7,53,847,93,65,49,171,14493,180,189,799,18,5,540,141,78,213,30,258,276,43,37,51,80,15,23,20,46,87,114,417,69,122,80,68,65,12,93,12,531,26,19,138,1310,82,13,84,241
2005-12-01,50,2409,20,9,28,32,1559,18,520,110,137,101,23,28,814,178,33,75,15,184,10,24,118,20,213,NA,66,816,103,59,47,203,14467,187,201,822,10,NA,580,138,98,185,22,265,300,17,27,40,78,7,28,21,38,92,109,408,79,104,80,76,71,8,100,22,572,40,11,133,1041,76,15,90,235
2006-01-01,50,1807,21,8,25,34,1458,15,1052,71,114,81,19,34,677,157,15,74,16,157,NA,23,120,16,187,NA,54,672,121,51,35,183,12640,169,176,585,15,12,328,114,81,123,25,228,254,20,32,49,42,22,23,22,19,74,95,374,72,85,70,52,69,8,82,11,412,37,12,120,996,77,15,82,193
2006-02-01,49,2019,11,13,27,33,1550,17,755,102,113,105,20,21,754,137,27,84,12,157,6,25,115,13,192,9,52,713,90,58,45,151,13414,140,196,704,19,6,337,115,105,131,26,241,268,20,41,48,73,12,27,27,40,90,111,377,67,85,60,75,68,11,79,13,475,32,12,134,1279,76,15,98,198
2006-03-01,56,2265,21,16,36,41,1650,18,673,117,116,100,33,25,776,177,38,81,14,171,NA,28,125,17,239,NA,62,893,111,78,57,191,14703,179,223,793,22,8,341,143,125,151,39,284,306,35,21,64,91,9,26,19,43,91,146,492,86,91,112,81,77,7,114,19,529,41,7,138,1066,88,5,104,248
2006-04-01,49,1763,21,7,13,28,1094,13,326,83,113,79,18,12,503,134,23,71,7,154,7,23,98,17,181,NA,35,659,88,60,49,123,10550,159,165,557,16,6,225,100,80,123,25,229,223,11,22,45,50,13,23,14,30,68,91,361,59,78,72,66,56,8,92,8,407,35,12,115,699,66,14,66,204
2006-05-01,46,2290,35,12,31,34,1367,23,407,104,157,119,36,26,697,190,46,83,16,201,17,40,143,22,211,8,48,838,134,66,80,206,14149,230,239,817,17,14,302,151,108,201,42,273,280,27,31,80,92,13,34,30,43,95,181,446,85,126,79,88,94,10,92,9,542,55,18,136,872,91,22,101,237
2006-06-01,54,1945,17,14,26,34,1212,20,400,101,116,108,24,23,663,199,33,89,21,223,10,29,115,18,199,NA,52,762,110,56,67,173,12646,186,207,646,14,9,287,127,97,152,22,266,277,32,43,63,66,9,30,27,32,106,124,499,89,72,74,88,72,NA,110,10,500,36,12,107,838,87,7,83,211
2006-07-01,49,2119,28,17,35,37,1368,20,493,119,138,96,27,24,654,189,45,84,21,180,12,35,128,20,205,8,56,815,120,70,44,186,13245,196,219,706,20,5,314,161,94,138,29,238,266,25,45,65,66,15,25,25,35,90,116,436,89,110,76,65,74,10,91,14,482,35,9,148,873,91,14,88,196
2006-08-01,59,2280,28,15,23,43,1415,23,365,108,150,111,25,35,716,197,43,86,15,173,10,34,132,16,237,5,54,885,105,75,47,192,14015,196,223,774,19,15,326,142,105,136,30,314,308,26,36,79,66,19,27,32,37,97,126,485,70,104,79,94,93,10,108,9,540,33,10,127,932,111,20,112,236
2006-09-01,29,1868,19,13,27,36,1150,22,269,86,113,78,32,23,603,163,20,78,9,158,9,30,113,12,170,NA,61,723,127,54,46,179,11320,165,173,598,25,9,257,129,79,135,33,237,241,24,23,55,59,11,22,24,37,80,114,344,70,94,74,61,68,7,97,12,453,41,14,114,695,72,9,58,181
2006-10-01,50,1796,15,9,21,56,1092,16,253,85,142,72,28,28,597,150,34,61,8,161,10,19,119,18,192,5,50,667,112,49,62,159,11227,160,182,621,23,6,222,106,78,235,35,268,238,16,37,49,61,21,26,17,25,77,101,324,69,81,69,63,69,NA,101,9,442,45,13,118,701,77,15,79,205
2006-11-01,55,2446,21,9,36,53,1506,29,506,116,129,102,26,31,817,187,35,82,18,192,13,34,138,24,230,7,56,854,112,63,66,197,14801,195,243,748,17,7,450,146,97,244,31,245,284,48,47,52,88,21,29,23,30,96,134,466,82,101,86,77,94,9,105,11,582,32,20,157,1051,103,20,85,249
2006-12-01,46,2201,13,17,23,45,1403,19,514,80,112,71,21,22,702,172,31,58,19,219,10,26,99,11,197,5,42,734,90,58,61,147,13114,162,200,680,11,NA,407,108,98,171,20,226,237,30,45,55,48,16,22,23,35,86,111,395,69,98,75,81,67,NA,88,10,428,40,15,98,1211,65,14,73,220
2007-01-01,53,2185,20,14,21,56,1496,20,1386,101,130,96,33,33,813,172,22,76,13,183,9,37,148,23,217,5,42,787,101,84,54,180,14617,176,231,722,20,15,365,126,75,174,34,285,269,19,27,57,57,10,30,26,28,108,135,434,69,90,68,70,91,5,104,12,476,31,11,129,1032,94,12,77,206
2007-02-01,49,1997,22,5,29,37,1703,25,823,57,91,94,24,33,715,138,21,85,16,167,10,27,114,16,176,8,48,707,89,62,50,165,13165,148,172,640,15,5,339,104,101,127,28,203,218,23,24,54,72,16,19,15,40,85,125,403,56,87,67,75,64,NA,70,9,418,27,9,98,1234,90,17,71,184
2007-03-01,49,2519,29,13,33,48,1853,25,725,119,166,123,30,34,833,192,42,97,24,191,15,33,149,25,293,NA,60,998,145,81,66,211,16151,199,257,880,13,12,401,169,121,165,20,290,289,28,37,65,82,14,33,25,39,100,129,463,87,101,98,78,71,6,96,11,591,46,14,140,1293,95,17,93,255
2007-04-01,49,2039,20,13,35,43,1250,18,405,112,119,74,22,29,627,131,18,83,22,136,11,22,133,12,216,NA,53,736,121,55,50,172,12234,133,209,687,16,8,282,130,99,152,21,208,236,18,26,43,48,18,32,22,38,80,140,430,87,89,83,68,70,10,92,6,440,25,17,119,840,76,27,76,199
2007-05-01,59,2386,41,16,25,43,1386,23,445,107,155,106,35,29,727,216,36,94,23,187,12,37,140,23,238,9,61,913,122,78,67,174,14313,213,223,777,8,6,304,120,100,196,33,302,272,30,39,58,72,20,42,18,47,105,146,476,105,97,77,102,78,5,110,17,536,44,13,144,914,88,25,81,252
2007-06-01,55,2005,22,13,28,41,1191,22,344,102,116,73,32,25,613,153,29,78,18,166,8,38,123,18,165,9,55,724,106,56,56,139,11769,145,207,610,15,13,243,136,62,153,28,234,238,27,39,61,50,15,21,22,41,61,141,411,69,84,54,76,65,5,96,10,458,30,17,115,729,76,13,66,209
2007-07-01,51,2205,27,9,35,42,1306,28,528,106,140,113,24,23,719,209,38,95,24,226,10,29,119,23,190,5,57,743,137,50,64,193,13405,158,240,741,17,8,293,133,101,102,25,293,248,18,37,83,80,11,24,25,46,102,138,434,76,97,67,87,51,7,129,10,491,43,17,141,852,78,17,93,221
2007-08-01,62,2325,33,19,40,61,1362,24,403,130,137,98,39,32,819,190,37,95,22,232,10,42,144,25,239,5,62,876,138,74,79,204,14385,184,269,781,16,10,350,157,105,124,36,294,287,21,36,74,85,19,35,27,25,85,142,499,92,112,79,89,83,6,119,20,532,39,16,106,907,103,20,83,258
2007-09-01,72,1975,17,12,27,34,1114,17,327,102,121,87,28,32,656,166,32,77,17,197,8,38,125,24,183,5,61,730,85,68,44,162,11968,143,208,648,22,12,272,123,83,157,28,237,251,31,38,54,56,18,22,26,40,77,108,417,77,94,70,80,65,NA,108,11,459,25,12,140,742,89,11,69,196
2007-10-01,61,1627,19,13,25,42,1079,18,276,94,99,71,32,24,577,161,23,77,16,165,7,36,91,21,176,6,49,664,81,51,42,166,10930,168,199,572,14,5,263,91,72,246,22,233,248,38,30,60,56,13,22,25,32,72,105,389,79,79,63,73,58,6,102,11,425,23,11,101,659,74,12,77,213
2007-11-01,79,2491,31,20,18,45,1558,18,505,97,135,107,38,24,811,189,34,101,18,214,10,42,150,20,225,8,48,856,143,65,57,213,14982,194,244,783,20,13,455,142,105,238,25,291,316,38,43,57,82,15,25,21,30,97,128,461,96,108,83,91,78,7,128,13,536,47,17,158,1011,88,17,67,243
2007-12-01,32,1943,26,6,16,39,1237,24,487,91,98,89,15,14,630,161,33,61,14,170,9,26,101,16,169,NA,41,611,94,46,58,139,11710,172,162,545,22,10,351,102,72,156,26,205,229,16,30,43,44,9,23,18,38,66,106,400,65,92,76,77,58,6,78,17,408,30,15,121,964,67,11,82,191
2008-01-01,48,2298,17,12,23,45,1613,25,1354,88,133,94,28,29,865,197,36,89,24,205,8,33,111,14,220,NA,54,768,137,52,46,197,15082,207,207,719,18,7,357,122,119,182,37,250,258,19,38,50,64,23,33,23,32,87,138,422,76,97,87,73,65,5,95,20,494,38,10,132,1224,73,11,86,215
2008-02-01,43,2104,21,10,23,49,1706,21,931,98,129,115,30,19,756,140,26,93,13,191,12,22,127,27,223,8,59,696,127,49,52,172,14106,131,205,695,11,20,352,122,91,134,25,249,249,26,38,44,60,16,33,15,37,79,114,435,82,88,75,71,85,5,103,30,465,31,11,114,1274,76,12,77,231
2008-03-01,39,1746,30,10,21,31,1248,15,573,90,113,79,24,16,574,124,32,71,16,141,10,21,113,25,188,NA,41,569,97,49,44,155,11072,135,148,538,14,11,233,104,81,117,24,203,188,22,24,42,52,8,13,12,32,64,92,386,64,77,58,52,64,5,64,15,413,32,11,108,899,68,8,69,210
2008-04-01,70,2504,27,17,36,50,1740,31,603,115,190,119,42,29,817,198,49,108,24,213,19,38,157,29,255,7,65,866,161,98,69,226,16061,234,256,835,24,7,356,159,95,216,40,341,311,27,58,69,81,23,41,32,44,108,155,554,101,106,97,87,94,7,125,16,558,41,17,163,1100,113,19,88,289
2008-05-01,73,2099,20,15,27,43,1296,30,397,120,140,116,32,25,607,186,41,78,25,169,16,32,131,18,206,5,53,709,136,55,59,197,13007,194,227,701,18,5,291,136,85,194,28,283,250,16,49,51,61,13,38,29,46,95,133,469,94,80,67,90,83,NA,93,11,462,31,8,144,833,88,12,93,243
2008-06-01,64,1925,19,10,33,39,1114,25,367,103,169,83,29,30,620,182,42,65,13,187,7,36,121,16,200,12,44,678,121,55,62,185,12284,175,213,713,15,6,273,106,70,135,30,259,263,32,42,71,62,13,38,25,44,78,134,447,89,92,59,86,66,8,111,18,470,38,17,134,763,95,16,82,239
2008-07-01,65,2200,31,9,39,45,1313,20,409,118,190,111,36,20,749,207,38,107,23,197,13,30,136,16,205,5,59,825,123,92,70,219,14105,188,261,743,20,13,361,150,98,138,32,316,311,28,47,53,69,29,35,29,52,107,137,525,91,77,73,93,79,10,106,16,548,46,18,167,890,83,19,83,242
2008-08-01,48,1913,31,15,34,34,1129,14,378,97,120,131,22,22,578,170,34,87,12,187,5,37,130,31,190,7,52,729,112,61,55,176,12035,181,230,635,11,12,242,117,79,102,38,270,240,21,36,54,71,17,28,26,39,92,113,474,95,82,68,66,69,7,115,12,438,27,13,119,712,83,21,76,260
2008-09-01,62,2113,23,16,24,40,1282,19,320,95,133,125,22,27,646,195,49,118,18,177,10,48,130,25,225,NA,57,765,140,66,62,187,13226,161,199,711,20,9,311,132,93,195,25,325,305,33,42,58,75,13,19,26,45,83,145,480,94,94,75,90,96,7,122,16,511,49,14,140,698,120,15,83,272
2008-10-01,66,2009,22,14,22,45,1293,24,348,145,153,104,34,28,682,168,34,89,14,183,9,49,155,28,233,6,55,757,143,64,65,195,13196,168,211,660,22,9,318,134,79,310,40,298,233,37,39,54,66,19,24,19,52,67,135,500,96,102,77,90,70,7,115,16,499,45,16,124,728,106,21,95,255
2008-11-01,50,2029,20,9,15,54,1315,16,472,111,122,98,20,24,657,160,40,75,21,199,10,28,105,22,176,7,62,678,115,37,58,166,12903,163,218,721,12,NA,417,119,82,218,22,265,276,41,48,52,73,20,22,13,47,76,113,450,71,96,74,65,91,NA,106,14,446,35,8,144,909,69,7,92,229
2008-12-01,62,2354,19,12,20,40,1497,19,587,96,144,103,27,22,788,200,39,100,16,194,12,29,126,15,209,11,53,766,122,42,49,188,14396,166,227,795,16,17,468,135,96,194,25,269,257,28,45,42,67,15,28,24,42,91,131,449,58,95,74,82,80,9,109,11,458,41,18,135,1203,99,14,71,250
2009-01-01,56,1949,27,9,32,41,1399,24,1303,104,121,96,26,30,675,157,31,86,16,154,13,41,115,14,178,7,51,578,117,51,57,143,12841,172,209,577,10,6,326,116,84,135,25,206,234,23,43,57,54,16,27,21,38,65,89,362,60,86,71,46,67,7,71,14,437,32,12,113,868,66,16,82,194
2009-02-01,54,2192,19,16,19,41,1971,22,1049,89,139,108,24,25,746,155,34,94,24,174,7,40,123,11,218,13,68,719,122,60,66,179,14837,167,212,758,20,11,345,113,76,149,31,249,262,31,57,52,67,25,25,13,31,72,121,422,66,81,62,65,85,5,96,18,467,28,17,139,1350,102,9,80,236
2009-03-01,68,2381,22,18,30,39,1813,25,698,118,159,131,28,22,825,181,42,109,19,174,11,33,151,13,225,10,66,773,134,77,86,192,15292,190,208,792,27,5,320,138,99,184,33,306,293,35,42,57,78,22,31,22,39,75,133,457,89,98,74,97,109,13,118,12,581,46,12,180,1129,87,20,97,266
2009-04-01,66,2185,27,16,28,52,1514,37,429,125,133,107,41,25,652,162,37,115,18,215,5,28,125,16,209,8,59,803,148,76,79,175,13922,223,237,713,9,12,319,133,106,209,27,279,244,29,55,83,68,15,27,20,30,96,108,553,87,127,63,85,97,15,105,11,513,47,17,137,872,83,11,88,251
2009-05-01,65,2194,28,12,28,43,1346,16,370,139,159,99,42,33,696,164,34,92,22,191,20,34,118,22,216,17,72,791,155,70,65,222,13791,213,225,713,15,15,299,129,80,199,29,271,284,22,53,74,72,17,31,29,48,93,163,545,82,119,61,75,68,10,128,12,499,41,15,138,863,98,15,92,277
2009-06-01,83,2038,31,18,22,37,1299,27,390,120,157,102,39,31,692,187,24,97,19,195,10,35,122,19,200,10,40,743,152,54,64,199,13055,179,221,698,28,13,274,129,65,159,28,269,256,21,52,61,52,26,38,33,43,91,114,448,99,103,62,98,60,15,107,11,489,53,10,127,832,90,17,83,245
2009-07-01,61,2431,15,14,23,48,1410,34,416,110,155,134,42,29,796,192,46,127,28,222,6,43,132,17,192,NA,58,781,150,68,62,196,14645,208,228,821,17,8,370,149,94,117,36,265,268,28,53,75,79,19,24,33,36,102,157,555,111,111,87,103,84,18,137,20,560,51,15,154,903,112,14,93,285
2009-08-01,55,2001,25,8,29,40,1281,24,360,111,156,87,29,32,731,188,42,82,11,208,10,37,135,17,176,11,56,726,134,65,73,203,13071,161,243,712,16,15,312,137,100,132,23,261,244,25,48,69,64,20,36,33,53,69,141,481,82,95,80,112,69,15,101,16,516,40,15,134,787,100,17,88,263
2009-09-01,61,2003,18,16,32,50,1269,23,303,80,141,120,36,19,693,172,30,85,11,170,NA,41,135,19,221,14,55,676,145,48,63,207,12549,171,234,663,23,12,271,116,81,176,23,243,246,35,36,75,65,20,27,24,38,91,106,418,82,107,74,93,95,8,110,17,479,43,14,115,746,95,13,69,234
2009-10-01,75,1971,30,11,21,52,1307,17,262,100,137,121,33,22,644,187,38,108,9,187,5,31,133,21,209,10,50,750,133,77,65,184,12858,172,232,650,24,11,277,147,88,346,32,282,267,35,52,81,74,23,33,30,33,87,135,408,82,82,96,86,64,10,101,21,452,48,13,147,735,90,19,68,222
2009-11-01,66,2378,33,10,32,50,1467,16,466,130,123,114,33,20,799,191,31,108,11,215,7,29,127,26,231,15,57,731,150,61,74,183,14460,189,225,759,18,10,436,117,81,239,33,266,282,49,55,78,59,14,37,33,33,100,124,439,84,129,90,86,69,10,95,12,479,39,14,180,1116,86,11,67,232
2009-12-01,53,2481,24,15,27,46,1569,22,569,107,136,100,20,23,813,145,47,96,24,215,11,30,134,20,220,5,55,759,133,68,64,177,14522,186,234,755,18,15,449,118,79,200,26,240,265,37,63,82,72,8,20,20,32,80,139,420,78,92,66,100,85,11,124,9,501,47,9,140,1085,93,13,82,219
2010-01-01,52,1899,17,9,22,33,1274,24,1283,101,94,86,27,19,649,157,23,78,11,148,NA,18,111,14,163,16,44,571,106,57,53,172,12354,123,187,629,11,8,316,108,78,118,24,196,214,22,38,69,55,14,23,21,32,61,110,377,51,48,62,62,71,8,84,5,370,32,14,114,915,69,13,59,207
2010-02-01,75,2239,27,13,26,45,1930,26,1079,115,97,93,32,30,766,158,37,69,14,216,11,23,135,29,239,7,72,748,117,68,50,175,15117,153,230,691,12,16,325,108,118,159,36,218,239,35,50,61,65,16,23,17,41,72,134,429,60,105,74,76,65,13,101,14,449,32,10,129,1554,104,13,89,217
2010-03-01,73,2571,20,15,36,66,1921,20,741,125,154,116,26,37,795,173,56,114,18,200,6,41,153,23,217,7,57,783,151,67,69,206,16026,182,233,803,18,15,369,163,128,166,29,261,300,24,49,73,62,16,44,20,46,112,136,540,100,101,69,91,104,10,145,13,552,46,16,147,1280,115,17,96,278
2010-04-01,75,2287,29,12,28,66,1567,28,458,157,121,114,37,26,687,177,39,79,14,190,11,34,143,14,220,13,63,718,140,78,72,185,14495,204,243,765,17,19,289,152,97,191,34,260,277,44,50,74,66,19,33,33,43,112,157,500,95,109,86,91,76,18,131,11,518,49,14,137,1093,102,19,91,293
2010-05-01,74,1848,34,21,36,46,1226,25,391,139,144,87,33,24,636,175,45,93,13,209,7,21,151,14,224,13,47,639,141,75,75,197,12650,188,232,669,16,13,267,116,81,189,18,265,242,21,37,49,63,21,32,26,42,88,147,439,84,97,83,89,80,11,94,16,444,42,13,116,886,85,16,93,236
2010-06-01,83,2078,32,19,36,49,1258,35,416,117,141,120,33,27,688,207,54,89,22,199,8,28,125,23,217,12,64,709,151,52,78,200,13312,173,253,711,12,10,271,130,97,173,34,280,240,39,56,81,67,16,43,31,48,100,123,479,85,110,77,113,79,12,114,21,447,34,12,124,769,87,10,98,281
2010-07-01,56,2164,29,14,31,38,1230,23,394,111,172,110,27,34,685,228,32,94,18,209,12,31,133,19,216,7,53,727,159,80,74,218,13218,180,238,687,23,11,269,109,94,114,29,262,269,39,49,66,63,26,38,25,37,106,127,456,65,88,61,93,69,12,102,18,441,44,16,126,873,102,14,107,239
2010-08-01,70,2088,44,21,35,42,1235,28,307,121,136,113,45,28,669,209,43,90,22,225,9,50,144,25,193,11,58,725,148,64,71,210,13122,180,248,662,14,14,302,136,89,117,32,279,290,24,40,66,68,25,34,23,41,92,149,436,89,109,88,106,72,5,104,12,486,37,19,167,809,69,15,89,206
2010-09-01,59,1984,35,11,28,39,1366,24,291,124,160,101,37,31,641,196,40,115,23,185,11,31,124,34,191,5,64,722,165,73,79,192,13190,190,246,757,15,11,307,127,77,167,33,256,267,38,47,68,73,17,37,29,47,111,120,484,88,97,75,73,98,15,121,16,470,38,11,154,784,102,16,76,250
2010-10-01,85,1817,25,11,23,39,1354,26,322,105,114,87,31,26,618,165,41,65,13,195,NA,26,120,15,203,NA,63,658,124,55,54,183,12199,158,199,608,18,10,246,112,81,298,30,269,233,56,56,56,59,15,30,29,40,97,131,421,83,91,70,88,80,11,125,11,399,45,19,122,724,84,19,88,216
2010-11-01,76,2255,22,12,23,47,1430,19,474,87,142,108,31,33,752,187,44,77,25,235,6,39,122,21,199,10,52,717,117,74,61,187,13930,192,237,661,17,8,420,125,105,273,23,252,257,50,47,64,64,23,28,27,33,89,152,453,82,93,68,92,80,8,109,19,465,37,12,126,1006,95,13,104,235
2010-12-01,65,2609,22,13,27,44,1461,26,753,111,174,115,22,31,844,192,46,91,20,238,NA,42,118,24,198,NA,58,759,146,80,104,218,15430,202,236,736,9,13,454,131,109,234,34,232,261,46,62,63,73,20,35,27,30,84,125,466,92,92,80,100,72,14,118,11,484,55,16,146,1348,83,9,80,289
2011-01-01,69,1766,26,12,17,25,1299,23,1400,78,99,73,24,36,630,117,24,72,19,168,5,29,104,15,185,13,44,597,101,52,55,134,12271,162,186,563,12,7,308,106,65,125,20,191,194,26,28,52,51,18,26,11,38,63,90,344,50,78,63,79,56,14,92,14,352,31,10,118,963,73,15,72,194
2011-02-01,69,2185,24,16,21,56,1718,18,1098,106,133,116,26,32,807,150,33,96,20,194,14,29,127,21,218,5,47,732,123,65,65,184,15182,207,221,711,15,5,315,99,95,150,32,242,244,26,60,46,58,18,27,30,38,80,125,435,67,75,82,76,82,11,114,20,463,45,21,133,1738,80,17,86,243
2011-03-01,76,2435,28,19,36,50,3083,27,728,148,161,115,43,46,851,174,50,105,13,212,12,37,157,29,289,21,73,818,154,55,82,221,17397,202,240,715,18,10,364,155,106,173,41,292,312,36,54,74,77,18,37,27,26,94,136,513,87,99,87,100,89,15,125,15,587,46,15,136,1433,101,29,93,270
2011-04-01,57,1800,22,14,33,37,2233,27,385,129,139,81,22,30,563,167,30,82,19,157,9,36,125,12,200,11,46,607,100,54,75,159,12949,163,216,595,9,16,248,111,72,198,12,227,231,31,43,46,68,18,36,23,59,79,111,448,86,89,72,87,90,11,104,11,414,34,13,116,865,99,15,85,236
2011-05-01,64,2033,25,13,32,65,1710,24,380,118,170,123,40,31,664,182,29,94,17,208,14,35,126,17,256,14,51,694,131,65,58,226,13792,180,263,639,20,14,303,151,79,191,29,295,254,30,46,53,60,17,35,26,45,105,138,445,86,96,115,109,87,13,153,13,449,38,19,133,867,95,18,128,245
2011-06-01,77,2109,32,17,31,55,1213,31,355,137,167,104,45,27,641,196,44,93,16,222,10,25,132,27,186,10,66,710,140,58,78,170,13357,183,235,726,17,13,269,120,84,196,32,276,252,27,49,88,72,19,38,20,31,89,147,508,84,97,67,96,83,11,158,22,470,50,20,162,821,101,22,102,273
2011-07-01,65,1910,30,20,31,40,1225,22,346,125,149,122,45,13,642,229,44,100,12,186,11,42,111,24,205,11,48,680,120,59,79,183,12615,176,244,668,18,11,252,120,88,118,29,253,249,56,35,70,60,11,24,25,45,82,123,460,67,76,81,103,69,12,118,10,460,38,11,141,844,96,10,95,238
2011-08-01,81,2099,26,11,31,46,1306,31,318,142,156,117,38,34,703,216,45,112,25,210,NA,34,141,20,224,8,60,735,152,77,80,231,13781,192,262,689,22,11,332,140,103,138,25,268,266,32,42,80,86,19,34,28,56,91,151,511,112,110,79,108,87,22,143,18,469,68,16,171,842,98,18,94,235
2011-09-01,67,1893,25,14,42,43,1168,24,298,141,137,105,37,35,678,215,54,111,30,203,18,25,147,33,205,6,64,701,160,62,71,202,12955,204,225,671,15,19,270,122,83,174,51,287,280,32,41,60,81,13,32,27,48,98,137,491,91,96,90,98,92,9,123,7,494,51,14,121,739,91,26,100,236
2011-10-01,72,1656,20,22,22,43,1069,31,270,131,124,89,25,40,587,166,41,113,15,155,10,38,114,29,169,7,52,637,143,56,77,177,11677,184,233,549,17,9,254,118,82,320,27,225,264,27,39,57,58,20,16,26,35,88,141,463,68,94,80,76,96,18,106,12,417,36,16,137,671,93,19,69,217
2011-11-01,80,2019,24,14,30,60,1245,28,380,90,148,96,28,29,813,179,37,98,16,230,6,35,124,21,224,10,44,633,134,56,79,190,13076,170,209,655,15,18,385,119,91,212,32,232,250,46,44,55,67,19,29,24,49,90,136,417,61,86,97,96,85,15,102,15,450,39,15,123,919,84,11,83,231
2011-12-01,66,2471,20,12,20,42,1328,41,638,116,153,94,35,31,835,177,38,85,17,194,8,38,116,12,246,11,68,747,129,58,56,217,14969,201,246,767,15,11,607,135,94,217,23,264,284,45,58,48,62,26,29,20,34,103,140,495,67,112,94,103,81,9,119,13,502,54,NA,148,1109,114,27,106,264
2012-01-01,57,1988,27,14,36,46,1318,20,1475,106,114,92,21,33,699,170,32,69,13,202,13,43,110,13,162,6,52,628,126,48,55,186,13579,173,210,622,16,16,298,115,79,154,22,224,234,31,45,52,59,16,25,23,31,90,87,414,70,101,66,68,68,8,106,14,376,49,9,112,1125,89,12,76,220
2012-02-01,61,2267,27,12,20,45,1708,27,1074,107,120,101,29,27,785,174,43,91,21,183,11,42,145,24,237,NA,47,716,135,50,65,140,15564,214,216,765,23,12,345,120,112,157,27,233,255,28,58,68,67,27,30,21,39,87,105,412,57,97,93,94,97,13,113,14,456,48,10,139,1927,89,18,80,260
2012-03-01,67,2508,31,16,34,69,1607,20,812,147,157,111,30,30,829,185,39,96,27,181,12,35,134,24,235,17,56,848,126,76,75,193,15976,226,243,752,23,15,341,144,137,187,29,279,297,22,55,72,63,22,29,24,44,124,115,511,98,96,103,107,96,10,133,12,515,47,14,142,1540,124,16,76,266
2012-04-01,76,2077,30,16,26,51,1218,28,412,146,149,101,33,31,688,181,42,103,18,166,14,34,129,22,220,10,70,706,124,61,55,184,13415,205,209,660,13,16,303,159,92,196,17,285,249,39,50,70,69,20,31,27,35,97,147,515,66,75,90,81,88,12,123,12,501,51,9,136,998,102,11,87,246
2012-05-01,86,2299,29,14,32,69,1173,28,429,135,178,123,31,37,774,200,57,110,18,213,18,41,155,17,251,10,80,906,163,61,86,233,14898,242,266,786,17,19,320,156,124,262,40,308,256,27,62,70,61,33,47,22,40,109,141,527,104,102,108,99,89,12,130,12,554,63,17,149,949,114,28,105,272
2012-06-01,67,2049,25,15,25,57,1022,30,356,112,144,118,26,28,638,187,47,108,9,177,10,33,103,24,176,7,45,725,139,69,75,203,12624,197,239,687,20,20,267,116,90,154,22,258,304,38,49,56,94,15,33,19,27,93,133,471,78,84,88,90,71,12,119,11,411,53,15,110,767,107,32,93,232
2012-07-01,62,2265,30,21,38,45,1181,22,383,146,162,132,33,27,735,217,57,114,15,205,12,37,137,22,227,10,68,809,157,76,84,203,14175,220,225,765,33,10,328,141,86,168,34,279,283,36,39,78,72,15,34,29,51,88,138,558,100,98,81,122,84,9,129,20,515,55,15,131,921,93,19,103,237
2012-08-01,86,2191,25,20,33,38,1110,27,280,127,165,138,33,22,703,186,51,104,25,193,11,33,130,23,213,10,66,782,133,61,83,175,13500,207,208,731,21,24,308,133,89,104,35,271,323,27,43,86,69,11,25,21,44,90,172,505,72,118,86,100,79,8,135,26,494,51,13,166,831,121,16,98,262
2012-09-01,66,1930,17,16,31,39,992,24,265,111,140,95,26,28,653,174,26,99,17,156,7,35,119,18,186,5,52,743,135,81,71,171,12109,207,204,671,23,8,265,112,82,161,23,237,243,41,45,69,68,15,22,23,47,91,113,420,73,79,64,85,59,15,105,15,482,42,6,129,794,93,16,79,255
2012-10-01,85,2166,40,11,22,53,1222,32,320,135,153,119,32,36,668,196,56,91,19,197,12,54,123,22,213,18,73,822,163,59,74,212,13958,216,239,718,22,11,323,138,99,377,32,283,251,34,49,73,94,24,27,31,37,98,141,476,86,108,78,94,85,20,129,22,486,60,6,149,834,94,18,91,307
2012-11-01,80,2244,28,13,30,35,1142,32,413,127,151,90,33,41,847,190,45,97,20,189,10,39,137,28,218,11,58,849,136,63,75,184,14037,222,219,714,27,16,428,135,103,223,22,259,276,46,42,69,88,18,28,28,37,99,132,497,83,101,77,105,69,9,116,13,477,42,14,147,926,86,13,99,277
2012-12-01,68,2143,32,23,19,64,1149,26,543,120,135,105,32,42,757,168,36,80,13,212,9,31,132,12,194,6,50,674,120,56,74,168,13321,215,228,695,11,10,417,94,71,166,28,265,273,31,63,53,62,20,28,16,29,78,128,448,54,98,82,90,59,20,123,19,460,46,7,131,1012,94,11,72,221
2013-01-01,65,2192,23,16,29,38,1316,21,1795,127,143,89,17,44,827,187,37,82,17,183,18,42,111,21,207,14,60,755,130,70,62,180,15538,210,229,726,28,13,345,129,89,163,22,280,248,28,44,55,55,22,31,25,24,76,106,492,75,95,76,96,64,5,125,8,511,61,18,126,1486,81,25,97,231
2013-02-01,64,2303,26,12,22,38,1470,20,984,94,123,116,22,33,820,172,34,82,21,157,11,37,140,24,234,12,63,700,121,60,69,155,15094,192,220,745,22,14,332,118,91,154,31,252,248,35,48,55,43,17,36,24,47,79,123,392,56,103,83,92,56,12,100,8,537,47,11,131,1860,105,17,98,221
2013-03-01,67,2356,28,22,20,38,1323,20,673,119,153,96,31,30,737,189,41,96,13,164,11,32,124,18,220,16,65,753,127,83,73,187,14553,220,215,735,19,12,338,130,117,152,23,253,231,22,42,64,65,16,23,16,48,103,137,490,74,90,87,101,70,17,101,12,491,47,14,135,1439,100,17,100,261
2013-04-01,80,2060,41,NA,26,53,1271,19,427,127,158,121,24,32,649,183,51,72,18,153,6,35,150,35,254,9,63,777,137,72,72,189,13657,223,216,714,20,9,320,111,101,188,20,259,276,28,56,52,65,20,33,20,41,78,155,506,83,85,91,86,75,13,136,14,499,62,9,124,1007,100,27,95,271
2013-05-01,81,2321,25,16,39,66,1283,29,411,135,192,154,35,40,718,206,49,110,22,184,15,50,149,25,243,7,74,913,140,78,80,180,15014,258,240,771,25,16,336,175,107,244,22,295,311,39,55,78,68,19,48,25,45,126,176,591,85,119,89,113,92,18,144,19,567,52,15,165,908,115,25,96,252
2013-06-01,78,1837,39,10,25,47,946,20,314,102,149,101,42,27,574,181,35,87,16,176,11,23,123,21,186,7,45,697,129,57,90,166,11769,199,182,635,16,13,259,109,79,150,30,236,262,27,51,58,58,13,38,22,37,91,142,416,55,79,71,85,48,9,140,14,457,49,13,139,704,99,16,83,222
2013-07-01,59,2188,34,16,30,43,1196,34,347,148,132,123,43,40,685,171,44,71,15,198,9,48,119,18,185,11,51,801,132,67,73,189,13471,195,240,711,18,13,316,151,92,132,30,299,304,31,40,69,77,16,32,33,44,92,171,502,99,119,62,109,62,14,121,22,467,53,19,116,779,114,17,109,259
2013-08-01,53,2148,29,11,30,29,1109,32,302,112,136,96,41,30,668,180,37,87,18,192,10,37,115,24,180,11,69,827,147,67,70,193,13077,241,208,663,24,15,299,158,96,98,32,259,248,26,40,72,64,12,33,29,35,88,145,472,77,69,78,106,77,13,123,13,502,39,12,135,859,127,24,114,262
2013-09-01,60,1936,31,13,34,38,1108,18,288,115,138,117,20,24,599,187,56,84,11,193,11,29,116,14,202,9,53,765,137,68,63,177,12352,198,196,662,18,11,294,144,77,140,27,277,232,27,45,55,58,16,33,27,34,103,129,442,64,81,69,102,61,7,121,18,466,56,19,110,776,108,16,80,239
2013-10-01,68,1974,20,15,23,40,1132,25,251,109,157,109,32,35,692,159,41,100,7,163,NA,32,128,26,217,11,45,803,150,65,78,188,12840,218,213,684,24,15,264,140,99,293,29,253,294,50,57,51,62,18,34,24,46,98,146,460,67,96,93,88,53,13,126,22,478,39,17,105,706,99,20,88,258
2013-11-01,89,2342,44,22,29,42,1383,22,432,138,158,116,41,30,787,202,40,95,11,188,8,46,140,27,213,12,53,856,132,78,72,196,14863,255,229,735,25,19,462,141,91,262,46,280,312,55,58,62,77,23,31,25,45,95,159,461,76,110,83,86,73,15,138,9,540,44,26,176,977,141,14,113,250
2013-12-01,56,1975,28,20,22,40,1257,25,510,107,115,94,34,28,707,163,27,87,18,196,10,37,123,18,162,NA,61,656,117,56,65,182,12750,221,208,686,15,11,454,103,92,154,29,245,229,32,43,57,55,12,28,18,39,88,113,414,57,102,66,98,57,10,99,9,392,49,7,107,951,90,19,92,199
2014-01-01,62,1953,20,13,16,35,1212,19,1635,114,115,107,23,24,695,142,27,96,18,169,12,38,118,18,172,9,51,656,108,63,61,154,13384,194,180,655,21,8,303,92,84,136,20,238,206,29,49,56,44,11,24,21,40,85,116,366,67,86,57,93,49,11,109,NA,396,37,10,109,1025,77,15,84,221
2014-02-01,71,2431,27,11,15,30,1581,16,1091,121,136,124,29,37,906,185,35,89,15,181,9,31,118,22,236,NA,58,758,121,63,62,190,15706,206,204,719,15,9,300,136,110,163,27,241,262,27,63,47,54,17,22,26,31,84,135,401,85,82,76,93,72,9,108,18,447,55,18,121,1990,94,13,89,233
2014-03-01,67,2477,36,16,25,52,1426,33,652,100,133,140,33,36,756,163,44,80,15,144,15,40,143,22,247,7,80,748,111,60,52,184,14799,267,190,732,25,10,325,138,107,136,30,231,282,20,72,48,76,19,26,27,30,91,149,410,68,90,88,109,79,6,98,17,455,50,16,118,1592,100,11,86,238
2014-04-01,48,1857,23,10,14,37,1108,19,387,119,118,115,22,28,541,151,38,63,14,126,8,21,116,10,203,12,48,658,92,60,54,132,11501,186,173,595,16,11,264,98,93,172,17,222,233,21,37,52,47,18,23,18,31,79,106,394,80,72,85,86,73,9,78,7,457,33,5,96,883,92,25,91,171
2014-05-01,95,2266,28,14,28,40,1327,24,353,154,140,148,23,34,697,212,42,98,14,173,14,33,151,24,242,15,62,818,122,80,82,194,14256,235,250,757,18,15,295,132,98,229,35,315,259,30,50,75,70,20,36,21,34,108,144,512,108,100,81,106,75,14,130,21,499,61,15,137,917,102,26,109,268
2014-06-01,81,1716,23,16,15,41,1083,25,303,121,133,110,16,23,527,139,27,68,17,147,6,23,102,18,180,9,45,668,93,45,76,172,11438,190,175,617,18,11,259,110,78,173,25,230,276,33,49,61,53,16,38,21,39,76,144,396,73,85,57,83,71,10,116,8,403,52,15,97,751,81,15,102,263
2014-07-01,78,2011,31,14,23,38,1284,28,329,103,143,107,29,21,656,171,31,96,15,184,13,29,131,18,178,10,61,727,107,76,87,177,12968,216,226,715,16,14,302,130,95,136,31,230,278,31,45,67,68,23,31,22,39,95,150,470,86,77,86,107,77,9,114,12,507,51,18,120,824,102,6,98,237
2014-08-01,77,1934,24,8,24,35,1128,19,276,94,124,113,22,22,574,166,40,70,13,179,9,32,125,15,202,5,55,701,99,63,56,190,11793,182,208,679,17,7,275,123,69,105,27,265,271,22,33,49,56,17,28,23,32,90,109,389,80,82,64,87,69,12,100,9,419,52,10,111,669,105,11,88,254
2014-09-01,66,1938,42,8,20,38,1258,24,315,127,150,114,29,29,611,164,48,96,17,154,7,41,124,16,198,7,46,754,109,61,64,149,12510,176,232,680,22,19,251,130,66,150,36,270,249,37,53,62,85,19,37,16,35,113,127,374,79,86,84,89,73,12,129,20,485,56,15,134,742,93,27,90,233
2014-10-01,82,1783,30,19,21,36,1266,26,269,115,124,108,35,30,582,181,42,96,21,143,10,34,134,26,201,8,72,708,123,86,55,155,12257,177,196,646,22,10,253,125,68,291,26,279,237,57,52,59,64,25,36,22,38,83,123,401,69,91,86,103,70,15,106,14,430,58,14,152,722,99,13,96,208
2014-11-01,67,1865,19,17,23,39,1222,17,393,104,124,102,29,24,690,187,36,61,14,172,NA,37,125,17,211,8,52,664,115,60,77,156,12369,207,208,713,15,11,350,121,94,215,24,241,235,72,39,58,67,15,32,26,36,80,112,382,61,76,74,71,73,7,108,10,440,53,14,116,779,98,14,81,210
2014-12-01,61,2263,25,11,22,43,1375,22,677,116,132,121,32,41,829,151,32,74,12,186,9,44,130,26,178,11,45,724,128,65,78,184,14194,217,229,820,20,8,480,134,87,211,32,252,248,42,68,54,57,17,28,23,24,85,118,468,61,91,76,104,71,14,108,14,452,45,18,138,995,95,17,101,224
2015-01-01,61,1886,20,21,18,35,1305,22,1838,99,115,93,23,26,678,143,36,82,8,146,9,30,98,13,208,7,45,610,86,55,71,163,13581,171,204,608,19,13,324,106,74,149,18,206,229,29,61,54,43,18,33,19,30,84,99,384,49,70,68,76,70,16,112,7,419,45,8,131,1144,81,15,62,183
2015-02-01,50,2368,23,12,21,31,1575,15,940,103,133,97,26,29,838,154,37,67,12,152,7,32,126,21,210,8,38,677,85,60,52,147,14852,155,182,796,19,17,321,121,104,141,26,214,240,29,55,50,47,16,28,16,25,78,123,352,56,82,71,115,76,12,92,12,481,44,10,101,2019,92,13,69,205
2015-03-01,94,2631,28,9,29,37,1613,21,687,119,124,134,35,42,802,165,46,79,13,177,8,39,134,16,254,7,66,742,112,74,86,174,15351,206,205,783,24,13,331,137,114,167,30,229,266,34,62,59,59,20,25,10,44,90,145,414,82,94,100,112,78,19,98,20,526,43,19,126,1525,103,20,85,236
2015-04-01,89,1964,27,14,20,60,1258,23,333,120,120,108,28,17,674,153,34,70,21,126,8,46,133,16,240,8,46,710,117,48,54,176,12537,196,210,619,18,11,257,130,93,190,32,264,267,23,50,66,55,11,26,24,21,77,134,419,72,81,68,79,87,12,106,7,466,41,13,127,908,92,23,88,212
2015-05-01,66,2046,28,12,17,41,1331,21,313,126,172,116,29,29,646,176,36,83,19,148,9,29,122,14,186,9,53,766,108,56,76,173,12902,193,180,690,16,10,262,150,105,216,30,255,233,32,58,86,47,16,37,20,34,104,138,401,99,101,55,100,90,8,115,12,498,50,23,94,855,97,13,99,224
2015-06-01,66,1998,29,19,25,39,1200,25,267,110,158,127,25,34,692,169,52,66,12,159,5,30,123,10,185,8,59,759,126,66,96,155,12586,184,230,679,19,22,224,134,58,149,33,263,257,22,73,60,77,14,34,36,36,117,125,432,72,88,72,106,77,12,130,14,473,48,12,106,776,82,22,83,241
2015-07-01,87,2138,45,16,23,37,1258,24,311,126,146,115,36,30,727,189,38,122,10,182,11,44,124,14,189,11,73,790,108,71,71,148,13303,196,236,723,23,9,282,139,82,104,33,257,290,33,62,64,78,22,38,25,34,93,141,442,67,105,85,99,79,18,108,12,489,60,20,160,838,91,22,97,233
2015-08-01,73,2024,27,19,19,39,1217,24,289,123,142,109,29,21,609,181,45,74,12,175,14,42,121,20,171,9,49,812,99,69,66,179,12556,157,203,732,18,15,288,170,87,112,31,250,241,32,72,65,62,18,30,15,35,74,106,452,57,88,74,91,81,7,107,13,468,41,25,128,784,88,13,86,236
2015-09-01,62,2101,32,11,22,37,1309,34,282,134,146,115,33,32,702,192,37,67,13,175,11,46,119,24,198,14,61,788,109,61,68,166,13001,184,183,724,20,10,261,142,78,181,19,258,287,24,68,57,62,20,29,21,43,89,125,414,50,93,85,100,77,13,106,11,550,35,20,149,744,110,21,97,240
2015-10-01,81,2009,36,16,17,49,1315,19,256,110,148,127,18,30,689,173,35,83,15,164,7,43,117,16,174,7,57,806,118,62,83,173,12995,209,216,690,25,13,252,165,83,330,26,270,264,34,75,68,64,15,32,20,38,81,147,396,74,105,74,92,82,23,121,15,513,48,9,100,729,115,22,77,230
2015-11-01,76,2004,21,15,23,25,1338,21,344,138,128,104,19,32,689,174,40,92,16,147,11,40,114,24,210,10,56,806,97,61,62,195,13196,196,196,656,21,11,380,132,89,270,19,259,267,35,78,70,65,16,25,26,38,100,134,420,70,100,83,86,81,14,97,14,478,29,10,114,927,83,31,88,256
2015-12-01,71,2334,33,17,21,54,1481,17,653,104,149,116,31,52,804,159,34,70,23,168,5,41,127,21,201,14,75,791,136,62,60,165,14704,190,248,767,20,18,458,155,83,218,26,258,283,36,84,76,61,21,30,23,34,87,170,497,62,97,62,100,79,12,118,16,534,46,17,125,1021,112,28,79,264
2016-01-01,47,1670,25,15,25,28,1232,19,1768,89,107,95,29,23,689,139,32,44,6,135,6,36,89,14,187,8,26,641,68,60,56,133,12734,179,215,583,15,17,282,111,73,131,34,213,231,25,60,48,35,11,32,13,18,68,105,391,55,71,63,77,63,14,103,11,388,31,11,103,972,85,14,61,180
2016-02-01,72,2473,28,11,21,45,1795,18,1027,123,138,84,29,43,867,167,32,55,14,161,14,47,121,18,240,13,53,691,91,56,74,138,15902,185,207,727,18,13,316,146,108,154,30,223,257,33,88,55,62,15,29,24,43,71,111,402,55,99,78,91,72,10,122,15,487,47,19,117,2210,86,17,83,218
2016-03-01,64,2546,31,13,19,37,1664,24,631,119,132,100,35,31,841,172,55,95,25,160,9,34,150,23,252,13,62,811,99,59,72,177,15408,203,193,785,18,16,296,149,99,169,32,256,227,27,79,70,62,19,33,24,39,109,118,447,68,82,84,95,95,14,107,13,564,46,17,131,1670,95,11,90,201
2016-04-01,75,2036,34,9,26,31,1351,17,375,129,150,96,22,29,657,170,30,70,14,166,12,35,118,19,213,6,55,770,89,43,66,147,12911,193,239,710,10,11,237,137,90,147,28,275,233,32,73,53,52,16,31,17,33,97,129,427,69,101,73,101,85,10,117,10,531,44,12,103,936,90,15,80,204
2016-05-01,264,9939,175,81,144,258,5759,198,4049,603,502,700,281,161,2504,807,227,442,88,1467,78,197,549,161,1368,48,302,3129,532,538,347,722,64214,698,1184,2322,115,57,1791,588,875,777,235,874,1343,320,131,495,656,96,199,156,229,314,688,1362,319,667,578,496,227,68,443,165,1773,245,121,835,4230,260,104,425,1094
2016-06-01,69,1891,28,13,20,34,1190,23,285,102,141,103,32,27,633,148,36,65,12,155,12,36,107,11,169,NA,62,715,107,61,64,146,11864,142,233,604,15,14,265,134,56,150,22,236,240,20,83,58,41,18,38,24,33,80,132,389,76,95,62,99,93,14,85,7,493,51,12,100,760,72,16,98,203
2016-07-01,63,1607,18,6,14,26,986,14,258,113,103,81,22,21,491,132,31,62,24,132,7,28,93,11,163,7,38,642,90,41,61,114,9794,151,154,521,11,12,228,112,60,112,24,167,206,22,58,39,57,11,24,13,31,58,108,330,47,64,40,78,51,8,62,9,398,21,15,99,568,72,12,67,174
