"Month","Auckland","Bay of Plenty","Canterbury","Gisborne","Hawke's Bay","Manawatu-Wanganui","Marlborough","National Total","Nelson","Northland","Otago","Southland","Taranaki","Tasman","Waikato","Wellington","West Coast"
1993-01-01,0.351417440476875,0.264874524072347,0.350871881398322,0.252795547734338,0.272775956475011,0.365087372959914,0.218314075576063,0.385358464608889,0.292853016001981,0.317562771397822,0.423177426117801,0.292121790047191,0.359694243576157,0.380588366322169,0.319562491667484,0.36967257224404,0.352419657400529
1993-02-01,0.353499507165113,0.274976355444972,0.371804133605454,0.280695767277041,0.27651098802037,0.347316300897469,0.220224813156122,0.39070905201764,0.250502210775199,0.293929433533748,0.45795287273587,0.304516058865921,0.339313834385589,0.258615937257339,0.318837605462032,0.394699698940997,0.379760244309051
1993-03-01,0.366619102250325,0.313854760012687,0.388822200471303,0.279536713900445,0.283019942628641,0.462203228050298,0.187654774674243,0.416652359237897,0.238367048711509,0.322824265612087,0.523782647776172,0.308770976008001,0.336200865799161,0.411606188307176,0.341456727744294,0.394075013217848,0.324541488538286
1993-04-01,0.336458074264544,0.321444797050243,0.363914416502776,0.334734798787,0.259263832574436,0.414590520810896,0.211617859610277,0.396057309837317,0.30980290609338,0.275306527903003,0.459869705532533,0.287764975539612,0.367884288514081,0.35676916740806,0.327134383106025,0.386912747182749,0.349393524146533
1993-05-01,0.364797014011158,0.269437524540613,0.375170232383155,0.293126300968713,0.270658693797747,0.349005947732048,0.324299428673215,0.397819796500904,0.23908739344317,0.281352199615848,0.428627040840244,0.260656211875497,0.331181121543132,0.347382436035456,0.335062605978182,0.402489318329276,0.422919633758748
1993-06-01,0.359284277341086,0.28093882139009,0.347046362976493,0.24802505067397,0.278944038366992,0.320598447851432,0.230270894430589,0.384750660691442,0.28369428319795,0.324962994195985,0.451819551256606,0.291703259126681,0.319810624767588,0.37472752081554,0.316549807966254,0.378162611195023,0.326440275211151
1993-07-01,0.357467945481044,0.281065322851859,0.340644055874341,0.217096800493819,0.271326690986918,0.338850055631778,0.195763979571791,0.392295007679553,0.309600714933155,0.323376801083311,0.412312583087142,0.300791088378204,0.349351490954621,0.303445188314495,0.315047984788594,0.375805580863252,0.319146678377641
1993-08-01,0.340891739996897,0.274959952566343,0.33281388123163,0.288073670632223,0.251972927368839,0.338947941282633,0.283405076820166,0.380253504120961,0.232246362295407,0.288882259744012,0.396054353588152,0.319450610374246,0.337216791537874,0.343840126542273,0.309311843518251,0.374477092810068,0.353687896342075
1993-09-01,0.360554415969391,0.274677167068526,0.34630390510609,0.218474886331607,0.226588820262665,0.296523650008835,0.169065741221146,0.379602921420243,0.208932332518607,0.281582451624113,0.428370408495555,0.265243988078793,0.338598506797624,0.273128669495325,0.303056276913874,0.373939624215859,0.408287737103973
1993-10-01,0.347799164216228,0.275715306152755,0.379340006772179,0.282546778471034,0.260881265279388,0.335755285083108,0.188681478388852,0.390887759189374,0.207598999581219,0.313382464365937,0.46359604145659,0.362179890867945,0.319882689003583,0.293652207014058,0.328134514810874,0.370184294484783,0.260730229389947
1993-11-01,0.340111514533306,0.271813282707332,0.336904614847265,0.242800709291345,0.254546174558784,0.344865885218985,0.233054854609621,0.374224177052815,0.212061298786354,0.320365015499648,0.430596214839338,0.277960255227542,0.292906228997857,0.28831010220949,0.320408308215427,0.371297849374093,0.333084867067094
1993-12-01,0.349105692578235,0.297853788445205,0.380184219103112,0.398595239798384,0.260837178704504,0.338707731684743,0.189846333799329,0.385116401605165,0.25512189304774,0.304619082198963,0.421561762012536,0.257440243005401,0.27080691472872,0.303445288526573,0.324716361845146,0.377676949026517,0.323520436320733
1994-01-01,0.369844370583166,0.26837840692232,0.356569066169856,0.206133991117528,0.252424127865033,0.352258043588994,0.206030311231218,0.398998924034186,0.261482594847704,0.337204864635247,0.47925821784362,0.350502420615583,0.340088587629422,0.382228762380613,0.333217597086668,0.390930766372047,0.399036035020278
1994-02-01,0.356969896807517,0.298932908813788,0.371539448398313,0.182572539262474,0.309268530092995,0.38623794887802,0.271727756730702,0.403371499889535,0.257334764561352,0.334993711324246,0.45871495906079,0.353762022542598,0.360986950634623,0.368893630399201,0.31618113280747,0.396317184537342,0.503838290494673
1994-03-01,0.371766851086078,0.274243430765643,0.400408101827055,0.248892265917995,0.254646795429162,0.433594799352999,0.218961142080291,0.421125275471249,0.273328442166555,0.299462037761399,0.523988230342311,0.325399355030835,0.335519817963306,0.417906381175083,0.335707126448774,0.408976771216104,0.354348076979662
1994-04-01,0.359559999202608,0.272973007597608,0.370846897183914,0.231557851432478,0.257508798295539,0.366362129907168,0.331707210162371,0.399801279653013,0.221825626477358,0.320356631812989,0.497149749947348,0.377643716725833,0.303308881977629,0.309133970948901,0.310287242161911,0.392447804633642,0.409776389067335
1994-05-01,0.339319838641244,0.245428289884501,0.349672767963702,0.221140175186686,0.251811112387866,0.388885753731595,0.290762635701665,0.390658886660572,0.210735314998596,0.293721789882761,0.446989701349985,0.284473456996604,0.325466500878219,0.385955136013594,0.326175502185268,0.375953171844461,0.294538825867403
1994-06-01,0.348914634854336,0.275392398322361,0.341846227583935,0.265057589963808,0.275673074186343,0.32830761461224,0.246494303244419,0.39144872420694,0.279242962959013,0.329616401170578,0.417084556971857,0.339204171906759,0.314915287728231,0.355283630145335,0.319424571174027,0.379321367658866,0.269211820022288
1994-07-01,0.354225061605379,0.251459450701351,0.377874424900328,0.242305273328186,0.26839185057203,0.370381746684021,0.238412612813585,0.395489801507652,0.229560966313536,0.249001939891896,0.375197473926251,0.32173909480507,0.356921043491155,0.339536376003188,0.305074277394196,0.422748238905909,0.25531802804074
1994-08-01,0.348545955273937,0.271250607123755,0.335502172392028,0.211246956541228,0.23158401912366,0.343596922458516,0.233398354185477,0.385228387907635,0.249515577061348,0.287117263513415,0.402177171158205,0.323616734453722,0.300672545022326,0.220581798827162,0.308697038690743,0.383095572773284,0.206393637560178
1994-09-01,0.359778396135353,0.282202231620695,0.337252440480109,0.264843423359439,0.260120151862976,0.290818012889233,0.211813340078707,0.397059058944084,0.255443423065806,0.300966310399045,0.427610439108088,0.32625651549461,0.307390759468265,0.270936869682071,0.331230347318244,0.407372099381905,0.266797262205903
1994-10-01,0.374829816822596,0.260579842610543,0.369484504388585,0.209551866375515,0.239214417267034,0.330534014784699,0.263326624985533,0.406960371056597,0.218668861773656,0.337685255263944,0.509547872673536,0.305642733070957,0.342163728361925,0.257171355254004,0.312604329453555,0.386474488333623,0.223967380975095
1994-11-01,0.359517827290236,0.251192720583666,0.371270027816146,0.266669970550171,0.261705016939444,0.331503331914518,0.180609626542716,0.400946663420604,0.248341408913843,0.306096554600319,0.463195357295645,0.312765446103601,0.34576771166775,0.374265462643438,0.316884695326391,0.406613307978759,0.284151566110465
1994-12-01,0.362856637096017,0.279316711998646,0.340759606841811,0.250156747813008,0.250347740973533,0.365515658695462,0.302818537198174,0.403218882226425,0.234301007470685,0.267365068983803,0.401424456347805,0.343215661868237,0.273943225695692,0.282878582306736,0.333407302723543,0.363899021768323,0.347376948507735
1995-01-01,0.357079850476499,0.262121138021603,0.362669797107457,0.198291004897477,0.280931642469001,0.363916043730121,0.172725722131239,0.402609172134496,0.272118668675036,0.319866619151161,0.487634246260332,0.293143770743338,0.339117647911912,0.238843906067337,0.312759031350405,0.387054725907293,0.28376271133157
1995-02-01,0.368342404977578,0.274696254339603,0.374295374827638,0.262776200716443,0.277154750279904,0.351721432588259,0.203908062610796,0.420031522009119,0.241623499151188,0.368269699790856,0.459758056180111,0.391848029326618,0.34850636186815,0.568202102425161,0.334942978496104,0.411820573600964,0.326329556503291
1995-03-01,0.372758810378666,0.270350786950229,0.421074216738831,0.205537119581956,0.28899186360746,0.453009971268875,0.189259814660812,0.436187247358293,0.242671399899504,0.293416690429047,0.504818831211528,0.339749547880592,0.332220216757905,0.385409128556225,0.378780727073956,0.382059391720627,0.389722745742571
1995-04-01,0.364862974479886,0.257245849692137,0.381897723647121,0.206927118622902,0.241313589458082,0.377313245074088,0.239453868054364,0.413869512453188,0.213590059871488,0.363892401704456,0.469970849172277,0.333248551110186,0.302115314922445,0.373392495586841,0.335947767679651,0.389991957168213,0.302957279060921
1995-05-01,0.37140235812139,0.28328511087581,0.364594251772515,0.239286065772175,0.246123728143118,0.355954873618498,0.298831920980324,0.421192283209205,0.282306386941774,0.336184497212653,0.426269610592219,0.294168206649595,0.291086485712322,0.344343456709013,0.340424012543184,0.407019179671913,0.27790228068281
1995-06-01,0.352984825949194,0.288273368775099,0.348728860138915,0.208718823236171,0.262810288808126,0.332393919034124,0.255522038083445,0.415030508226958,0.242271822049476,0.280213114830845,0.441474321175274,0.346156738847172,0.31318189179968,0.219234073614006,0.376763283441806,0.395082670623956,0.314789704784519
1995-07-01,0.365069171364821,0.29778052295958,0.361224973307641,0.192034050815634,0.262878395753541,0.333108462228207,0.24381084809093,0.408813971464353,0.262497929442397,0.280785514066813,0.390454506144659,0.302350737624825,0.278467938105965,0.355210560214766,0.317030941184859,0.379912122336992,0.321999233874684
1995-08-01,0.35665648585559,0.273544294886913,0.364475451540734,0.398713662721459,0.234092576239314,0.316098543417648,0.188403403266345,0.419899810664964,0.333300832066916,0.32723895541696,0.429053804773609,0.346765092881819,0.34870164582334,0.316107361440333,0.320364355029709,0.420024260144338,0.244314283746109
1995-09-01,0.346188857020845,0.264823098031448,0.35116268470078,0.205535343074585,0.275438888567658,0.300798150649725,0.270288919699734,0.411568280560625,0.269558829320026,0.294684318816384,0.45709103022511,0.321419296398748,0.362933193616624,0.301531656470291,0.315860238886472,0.373084634974503,0.341090240312865
1995-10-01,0.351698456657629,0.279206027993987,0.342119441104616,0.178109586301751,0.258650630242639,0.316147216174638,0.18096530390975,0.420208788802145,0.25548027265432,0.296015367128772,0.468899731427773,0.305910527645665,0.312333952421582,0.280463345333363,0.373117008339441,0.396655331849385,0.282558715129027
1995-11-01,0.362474575011211,0.256220291629624,0.356543999669607,0.261480639632965,0.247178110715052,0.342247224601558,0.192387657048789,0.423465008758231,0.272325710253991,0.300885862921755,0.483768482580289,0.273236742824477,0.316842989958282,0.326486996360521,0.3553068773134,0.406361141804085,0.234057537014985
1995-12-01,0.372643112831576,0.320063276024569,0.354744877012181,0.205678600017696,0.244030455242753,0.355882494996635,0.286047244838584,0.435485049798987,0.341249953453809,0.270818721726134,0.524906135917455,0.287079074500711,0.294859722753065,0.277134715307523,0.335437349771083,0.396160880374066,0.247938960230616
1996-01-01,0.374982871507976,0.311120970880095,0.346172067822631,0.249517782687418,0.243449459703073,0.358442215797677,0.269073683989243,0.42824224237627,0.265278770686727,0.291629532267225,0.467851517779805,0.316798359178776,0.347009068656054,0.399055483332647,0.336672100158217,0.392245169172111,0.266286508173828
1996-02-01,0.364427437102911,0.289031366452653,0.40995946427324,0.259428804347077,0.276795453015858,0.406257356800609,0.209663946226913,0.446679663376375,0.253787524568018,0.354450521998359,0.451455600325053,0.41109387401665,0.342844491561382,0.365718174491846,0.36161120697615,0.420974972904371,0.373311099806724
1996-03-01,0.360865109195509,0.285672471129291,0.389002222263718,0.242168348699254,0.322259645530156,0.421402038926828,0.494906839130324,0.464561795401626,0.245491264216384,0.409600064200195,0.567651194693049,0.319078087535082,0.359429717101294,0.338404471340702,0.388021386910938,0.433548144705922,0.354433996816243
1996-04-01,0.351583019060007,0.289380823652742,0.408884026682423,0.334012910953702,0.273747275042495,0.348696588630242,0.154377023688146,0.446020412977816,0.322018598515065,0.311688433215491,0.502450963645494,0.348710076430863,0.31565963907398,0.448035419155781,0.355643592379449,0.403140471473218,0.548369956050653
1996-05-01,0.339865568127045,0.27432574527247,0.361433834155368,0.268792908139101,0.255414786166405,0.331914069639755,0.277332610297861,0.432095133897818,0.272954112582505,0.303504207017013,0.44212482081295,0.320071241649285,0.354337302326199,0.353526985251556,0.352305292249104,0.412301307399674,0.348112723830698
1996-06-01,0.333997200513382,0.273620475035767,0.386220265377897,0.329650830197029,0.290971160179516,0.328477200897302,0.274409943879323,0.429247235272418,0.2946073364477,0.349866563861309,0.440302690268478,0.272411733965977,0.291972790880766,0.566561295849807,0.329182280269394,0.418016728292971,0.403141284956255
1996-07-01,0.327900147818203,0.275376907262307,0.346192590030447,0.198082041850884,0.245372439747324,0.352895619542006,0.26012477950552,0.426519511718202,0.304346064440179,0.309941008871838,0.443844533265071,0.295606002701968,0.328098461101365,0.284129589454313,0.347186095462831,0.41104576550101,0.23402333985987
1996-08-01,0.352964865087421,0.314513036911483,0.34236826204832,0.231529790570594,0.29316693855427,0.332059361977134,0.278681231641129,0.439411479577687,0.251966224065169,0.333563066993313,0.451274428838318,0.330438080000689,0.324061060505936,0.330716739708603,0.336290057699985,0.418423457970152,0.246002524487387
1996-09-01,0.328599513209816,0.280331328715089,0.352615626838516,0.324132375129426,0.285856158067919,0.312197555338477,0.236144727025523,0.431571908683416,0.255866941436164,0.334874467110803,0.459017562825577,0.322893064811391,0.347651795003147,0.301285990663817,0.332874553687609,0.419268888007942,0.369889988267438
1996-10-01,0.348380550807809,0.300823814767159,0.358561828282409,0.316742550952404,0.264955253799921,0.332780287945957,0.220850138755418,0.442445956449207,0.289977792466843,0.271056635974674,0.486701592271214,0.319433909996405,0.292940613940496,0.281976363815186,0.363412177203417,0.435556653202359,0.261299939919748
1996-11-01,0.331171047400704,0.294015005713248,0.367070374011697,0.256880281075941,0.277516490179007,0.352791947419263,0.236625828563902,0.440099438460087,0.359930726692365,0.356727892824271,0.474166899651267,0.315724265308324,0.339429218130072,0.369815522303786,0.353429016565462,0.434258167137618,0.281033871620606
1996-12-01,0.322991815851496,0.28031408030545,0.409182942290767,0.339583288162748,0.311320795418249,0.378653725811856,0.311744385026902,0.439640698987371,0.282679348740057,0.368154109146858,0.502530949933138,0.294167089064975,0.368287760024015,0.343940614237034,0.342712434081322,0.423804659233058,0.279464878465641
1997-01-01,0.319092340095719,0.311411637445902,0.355219467332763,0.29076869522086,0.310164735802628,0.314990116187834,0.234232455403556,0.438202636826124,0.333676375329908,0.319831764745268,0.47792001326433,0.333844477307895,0.321764652315595,0.313699362165676,0.42644370889941,0.42268848314439,0.325999223761029
1997-02-01,0.352283381622448,0.268288244712664,0.392110758242564,0.251823801528108,0.280224343208918,0.37429173764646,0.267603001564293,0.447195704344087,0.218569956857573,0.35901064724186,0.483466928242787,0.445372832926387,0.300690766384878,0.366478685172825,0.34464736979583,0.433601806113378,0.285879502867124
1997-03-01,0.356466296824835,0.276185921087331,0.391551720378199,0.363629507257266,0.257849086698671,0.43435933774893,0.226189808513708,0.462922350367702,0.273934271101651,0.312770661779798,0.51951771525522,0.398219982789082,0.357024208233153,0.291377677868609,0.39035290335476,0.452119646334049,0.270416032386303
1997-04-01,0.339109110929074,0.270629478764062,0.368479026689746,0.31474151517216,0.264712772670783,0.376483964477448,0.243830020363696,0.442382125727186,0.328714149642474,0.28455524567813,0.471066488549915,0.341903253500175,0.31917219827529,0.302967811921499,0.342751683072112,0.453389517265495,0.316325087987749
1997-05-01,0.342218660723341,0.254004248050201,0.349165150056748,0.32696148822271,0.294897027364467,0.336177259366499,0.246259092074169,0.440209365380558,0.29530000630238,0.33139226897695,0.48703130548938,0.333308013364918,0.328545232053335,0.373514697962118,0.332356856037796,0.420821633212211,0.27637530841885
1997-06-01,0.329716674177684,0.27410133911209,0.351842567337685,0.244722844725251,0.27965259035189,0.327754098450693,0.23169377393642,0.430645049151823,0.275222529019225,0.270582891770439,0.418996152311909,0.355230820775259,0.344349489201983,0.318272885258474,0.343973307612996,0.428917231327122,0.23142591263827
1997-07-01,0.324153416185735,0.27804947954971,0.349569531397094,0.393226271696464,0.290133824112224,0.35231076912417,0.244424448012503,0.429459464634003,0.280299185379233,0.326684525079344,0.428155739196813,0.289483058576205,0.326689318963474,0.254515793340723,0.33984676216518,0.426803000093045,0.227982694837018
1997-08-01,0.31831829662222,0.26211976389125,0.356538599959814,0.321771204107739,0.26718921913482,0.357574712387695,0.201749473645625,0.428273136821257,0.26421206035657,0.363877208701789,0.42700307895391,0.336887821961012,0.34426982247684,0.32146020061773,0.32727284201117,0.434667232903974,0.295749240699291
1997-09-01,0.319127791459899,0.260807134589497,0.36661644597852,0.286841335428961,0.271157275653001,0.386130985504644,0.248617209618479,0.435956847002763,0.325797241238502,0.320175922201286,0.443926483450469,0.317082822043617,0.308477558981228,0.333736282240903,0.347226516061127,0.438108222535837,0.293581708763495
1997-10-01,0.321962751183252,0.246315190637052,0.339219010635638,0.266183601724088,0.273451778956491,0.340276785308058,0.221551617094282,0.416732991360774,0.251335600952009,0.278510093463936,0.482102450840331,0.300159377094099,0.320828169939514,0.367579913060074,0.308191026362291,0.411589446775907,0.217319942536142
1997-11-01,0.328432165011475,0.261559350394656,0.343495271786959,0.222611852266391,0.310084482404304,0.340150489983394,0.196524463733083,0.42586816359164,0.249552042348226,0.293459900608333,0.493039123728917,0.358171274192,0.380271469642957,0.241018570938516,0.35207011693112,0.423431419922211,0.299060099363105
1997-12-01,0.311192653149231,0.276670055147543,0.358791399162987,0.218482198525662,0.247024821437421,0.378288305061701,0.2888235877016,0.422602672344742,0.310452779507523,0.313643287804827,0.432309912047474,0.337218371612631,0.321541953375715,0.393933199366499,0.331426144022502,0.439354085690963,0.355896836729717
1998-01-01,0.317657028562688,0.282872815575217,0.363703910789616,0.260235524729575,0.242749010804542,0.359051020022687,0.229942975918389,0.425466691904839,0.260377787051887,0.31255237051659,0.513814291217905,0.375959591487314,0.28718540910837,0.321093654599232,0.343826171240099,0.400453921211061,0.37367584260855
1998-02-01,0.323262975094171,0.276108916916205,0.405910865134381,0.258406386580834,0.28606801738737,0.384561253013447,0.234071737666919,0.442870653062581,0.259284759762075,0.353889491355825,0.479696223415247,0.302842471137923,0.321580579144663,0.423565106848972,0.388904774823967,0.425771196357999,0.400930744201961
1998-03-01,0.323177501052493,0.279991398673307,0.371587983610349,0.230945408767245,0.30060140921138,0.430960156158293,0.250347554765032,0.441863314709627,0.249627599522684,0.333626388132361,0.52325014169615,0.369654125522699,0.347383855458663,0.371309554767541,0.357593966738491,0.431283084326412,0.269200175734595
1998-04-01,0.318946250296735,0.298946583265965,0.389759376955762,0.201048883343434,0.2588793545946,0.38418230432274,0.242002934764345,0.431873725588595,0.266450901684127,0.292504928616702,0.480322489159505,0.296155645049591,0.283420697323404,0.264482385904101,0.350002062817523,0.441942247517055,0.253237115566346
1998-05-01,0.324849379179181,0.307594981690097,0.355724262312545,0.368978055106095,0.259407233857855,0.339393619655232,0.24155212572406,0.425375927822203,0.245564795829321,0.302279843073961,0.467517224404164,0.308097108390593,0.320468685440993,0.327402511230667,0.354798250520345,0.401037945152709,0.285638296488601
1998-06-01,0.339641665886045,0.283782078948822,0.336790254148729,0.299957894975256,0.263806145890173,0.362065212273366,0.218435578381476,0.423045350860342,0.314298600238704,0.292257185499326,0.417609315755556,0.299818444344942,0.357939494522984,0.262581294667143,0.322695954882184,0.417851474288517,0.261309457119509
1998-07-01,0.316012982425851,0.25561298017246,0.338802856095493,0.23759957600689,0.254996191470088,0.358463372266889,0.270258096631452,0.415879054381971,0.246321936271455,0.334209791179846,0.392141360258001,0.349123590479871,0.315685764690821,0.383930848752853,0.327083963455614,0.433850667650867,0.275619539437497
1998-08-01,0.327406564184759,0.291685686388731,0.358045913635636,0.242150546535886,0.262042670116521,0.30931234483909,0.225629840833167,0.411983699003298,0.241707605992998,0.257436067062711,0.408370759484991,0.323814638221499,0.306147908546233,0.352753110182392,0.324781228490748,0.405973129320723,0.25137099827187
1998-09-01,0.315361110866935,0.285455716369775,0.335386379487983,0.264601095077968,0.236369701171187,0.341851183171797,0.267762740278062,0.41553858800548,0.229548877049564,0.294481255756249,0.444751854552771,0.327811490696434,0.31593996282704,0.268634225045651,0.316650746094784,0.418554402552215,0.259837898725953
1998-10-01,0.315940552526165,0.256143807449031,0.348467006161036,0.26116555178786,0.2580102503093,0.345592447485515,0.286353164453049,0.414012666484966,0.256866948381052,0.27493421423101,0.496074992780197,0.320337812206151,0.329020841884759,0.239547162082882,0.352137782527861,0.392131637218705,0.270695243684801
1998-11-01,0.320198828400452,0.254406500933112,0.344060905269777,0.205858329256313,0.250865504191527,0.364716097528932,0.260687659471232,0.411438942500083,0.256955046439181,0.260806529413207,0.46824255623358,0.275035802196788,0.365510785930975,0.259818451870985,0.338121944879577,0.400852713225968,0.220678431432518
1998-12-01,0.319915589651974,0.293380558061253,0.349886282406117,0.247172812751795,0.24213035946764,0.370646869294822,0.232662119127053,0.407777797768308,0.267759995752831,0.27583098148979,0.46194899558677,0.322177743120041,0.304338601715179,0.291803807687563,0.337783054802759,0.386667681090885,0.243465687905449
1999-01-01,0.335635710835941,0.265675697205139,0.396280564562516,0.241812320337721,0.274472837120789,0.334729135392376,0.252276391097825,0.425075424839165,0.277160218034287,0.287847877060196,0.517787745838134,0.301323498444682,0.31419096091979,0.273588588402762,0.334517350694842,0.408128932538029,0.294836579152971
1999-02-01,0.330048355630634,0.27952076949245,0.366962528195429,0.250836780452699,0.288213444247586,0.399124384680697,0.287463391362609,0.426217220925807,0.222071337877706,0.318514427216373,0.473955882417039,0.344329748528467,0.341931285944212,0.321357515419029,0.353281564529202,0.419597223566537,0.332813901265412
1999-03-01,0.335291279346091,0.262819652642129,0.396818805030915,0.338289003642233,0.257482707488185,0.39699566099717,0.27518490146494,0.428688059715723,0.244220993538841,0.326620166809011,0.529535473611249,0.293437305431967,0.348161890688088,0.332838913605662,0.333362036134406,0.403002922166717,0.349842995489988
1999-04-01,0.327104840060395,0.275184551906987,0.359722985867924,0.230229022582695,0.28475401465796,0.36200808343083,0.27119567305409,0.417351739396052,0.240707728610868,0.308002049177104,0.459202353299596,0.363325479539082,0.343348863789115,0.368574516233569,0.326495548113408,0.429087820232061,0.270375038384922
1999-05-01,0.331877801587729,0.268003999475403,0.510336512084181,0.341104696785111,0.252140938948735,0.355128756923709,0.230516603651925,0.443733272004588,0.248911209504446,0.27973852954792,0.433655650748724,0.341961219172935,0.343197934239209,0.330040589187551,0.348708556361093,0.446188259724902,0.276636497777702
1999-06-01,0.32658709195591,0.261393399826701,0.362279700556063,0.204656252877517,0.240660035859187,0.353420422583722,0.240626060224829,0.410963832642447,0.240965100859758,0.281566452828841,0.468927807955884,0.282097405125768,0.351508625322089,0.281617920337269,0.305063396224802,0.408501965169087,0.32993975600108
1999-07-01,0.349322483264352,0.266235440452342,0.375644682252843,0.231737546346602,0.287682004874085,0.317051314772158,0.233207205973433,0.428207586358492,0.228212101402197,0.288494202245253,0.550184448288567,0.331410375376034,0.376048100364446,0.265875924505994,0.351632161243594,0.382621332193047,0.293735989921676
1999-08-01,0.346525007436148,0.275512685635763,0.335208739691085,0.347856322956327,0.26622484541968,0.325837661901572,0.257899266922161,0.416534428928297,0.228644092293025,0.278604566196333,0.559609336954673,0.348942282667801,0.313329917632449,0.281401748668467,0.313438770872564,0.394801170400131,0.245771394445339
1999-09-01,0.345778061009171,0.275973348922365,0.399342506387202,0.248879960311251,0.248379679563244,0.358303875917494,0.264851375008933,0.43114179522218,0.271631683193607,0.284618321142784,0.51352527102478,0.307750399162916,0.328928405591754,0.242702915036862,0.361832661881888,0.415921399302873,0.260341837625737
1999-10-01,0.347263583723324,0.273249157592124,0.390330627457623,0.293692357299318,0.250954680461622,0.345612165233684,0.230160595055528,0.420608971019256,0.267892483779404,0.260481144446265,0.522708017608445,0.358898056607503,0.313735878803152,0.351482246768369,0.310486395382128,0.409803651721267,0.285846539546414
1999-11-01,0.356755949111134,0.262538958151533,0.388488909830025,0.256916895362043,0.300908784223537,0.377736985981979,0.22256821910645,0.431653973891537,0.232310327780545,0.314216563777532,0.524853365529577,0.313046407856333,0.335161629287941,0.325510612963303,0.304592551321901,0.421214290129913,0.307481262337292
1999-12-01,0.337640458696778,0.265623364726938,0.376428997146144,0.391149841566752,0.26227318347128,0.358375951169293,0.205432424513132,0.421261393135426,0.261672487859303,0.365208519969907,0.484393490706176,0.327398681121299,0.312107011056348,0.305873429905652,0.327904978079781,0.401919093023717,0.348064438475981
2000-01-01,0.323601733024608,0.277942634480309,0.368650079397977,0.255915247164551,0.282512336906665,0.370803852617612,0.266645245321546,0.418096312045323,0.235884855667992,0.338892397674654,0.50744542186319,0.372851231135679,0.299017475733626,0.307201956912818,0.330530102222978,0.408998524419881,0.324843756156605
2000-02-01,0.331384375307248,0.261150632786088,0.383777431140415,0.356623836450473,0.25287017610139,0.357461183249132,0.230516132352107,0.433094717159386,0.269178123074682,0.318197990733776,0.501294793491095,0.36433573609552,0.372905061947688,0.245268881636028,0.33112351439026,0.453679211033688,0.339734791869356
2000-03-01,0.340792475162517,0.257414952274593,0.379384231591071,0.42758891820666,0.284802881617562,0.408516431609077,0.271524403142502,0.43611025751884,0.246039100538657,0.292244121913215,0.568188018583421,0.348928636780833,0.361201079797371,0.313420970920396,0.351750654373347,0.431040635568981,0.362163616604088
2000-04-01,0.337437394281945,0.301351317630794,0.36326833819774,0.237646639381373,0.239705726323196,0.391324976529861,0.242218402752981,0.429646389825975,0.245921996924012,0.279602023062069,0.493334728990787,0.321463191550881,0.3187859771803,0.294122317546243,0.343184592344818,0.428799722813643,0.282645209253282
2000-05-01,0.345091034695785,0.255549207664986,0.341009257599863,0.231122423320271,0.23756593449993,0.359532916713861,0.237340413793764,0.411462201391118,0.278244279467312,0.249139022901714,0.48240439423542,0.304360661405652,0.332672906035722,0.353069163206278,0.310029975103383,0.394393492848754,0.252813731260514
2000-06-01,0.346198459547469,0.280977409253639,0.333833844977795,0.285389659461406,0.257239233458947,0.335655255061741,0.25209089792253,0.411744077418379,0.199839265507105,0.275789864109167,0.432792272580649,0.269038841888032,0.338261149932597,0.38134395862063,0.312407578403242,0.398474187294044,0.324497945078197
2000-07-01,0.336007425336233,0.280652335532545,0.34843458400139,0.250535664439597,0.266183537078672,0.336890382619528,0.280722810255566,0.413643228410682,0.266004597236462,0.282751423552062,0.456120086525129,0.319761780183572,0.305043767737574,0.258276014601395,0.326075596803109,0.383585458930932,0.339406370062935
2000-08-01,0.325604313297947,0.275702307798437,0.338262245263665,0.369197590538099,0.262126242807176,0.336910861072109,0.226038113558934,0.410918559498239,0.259848986493933,0.284634653935326,0.423195652846095,0.298546589651743,0.333894802117419,0.285026744248287,0.30351736686404,0.399666572904385,0.307290625680801
2000-09-01,0.329990187660522,0.297176478506862,0.354703287437724,0.230832251664422,0.244008339715906,0.32837001953888,0.235824679492853,0.41365843706371,0.260258902945706,0.295971905929334,0.504908480216416,0.286293490190911,0.310478439636413,0.299033300720679,0.311032660628026,0.385327249350178,0.31579430470764
2000-10-01,0.330376801508792,0.284804454092435,0.352297236237343,0.291091596770637,0.283667759879162,0.329991381023051,0.26666400149323,0.408371490101293,0.246574518169064,0.265693356126587,0.457983871557154,0.314008471903159,0.332228678648273,0.303332300645289,0.322988030987481,0.387454110539678,0.42334819074084
2000-11-01,0.331279509713501,0.31227894164251,0.361150620071934,0.224526484430955,0.263988463051052,0.361383680001486,0.393706661983514,0.412264092341568,0.245023050401914,0.30230927683982,0.469448229247771,0.288843120315311,0.323567326907163,0.293983048230381,0.323988028831198,0.393450171762814,0.35617097721171
2000-12-01,0.345916313349439,0.279576735049145,0.356529179826506,0.219310357231147,0.2574454538471,0.370488651494221,0.267871075962178,0.422535921906948,0.316818822817204,0.281559435997316,0.469339967203836,0.343841853332192,0.360424624765254,0.392323278617983,0.323822936312603,0.403617908113769,0.287645954049924
2001-01-01,0.358692859565758,0.288176974349043,0.357229284822495,0.263183264750334,0.256907915228268,0.372327198011723,0.243426931751327,0.427769730735818,0.243890493198743,0.297599472748767,0.489714381232944,0.311070926653701,0.343068526247936,0.283060540359684,0.324571726554849,0.403685555605711,0.345026888547047
2001-02-01,0.347169698712696,0.28378710485587,0.388028450669608,0.463069072092124,0.279655454853494,0.387901330021531,0.303866732060553,0.437030112473024,0.246276159583787,0.277175640759265,0.504989484197829,0.300528791532469,0.35760469784851,0.382266552740078,0.330542012118595,0.423567680018811,0.338391983322953
2001-03-01,0.346484150835714,0.297799640063376,0.419370123439713,0.407175952276432,0.258015131360243,0.406959121878709,0.346535140588475,0.44762795239913,0.275560632193577,0.299133288921692,0.543138141963511,0.405375590461455,0.360084159801353,0.363402587327713,0.357271779197152,0.420342360175084,0.339725530947536
2001-04-01,0.346645019407104,0.316731822075293,0.34381323411487,0.355534006400478,0.260202572577937,0.382357957425756,0.382259185809457,0.432910955557884,0.246976842478978,0.31215930848413,0.513284239916292,0.321560596920478,0.38320446733784,0.295100081408191,0.343877523519326,0.422862415853751,0.322484664888526
2001-05-01,0.357604106717925,0.27484918209748,0.371694534126848,0.269632921346783,0.29055363165983,0.346465871672383,0.242032720236162,0.425121285084113,0.247554937974384,0.289503632394704,0.496665547416971,0.325232655229594,0.359994289059826,0.262710526695836,0.337751569901386,0.402351659527418,0.445619412641108
2001-06-01,0.353783819439978,0.299854245449441,0.331907276768808,0.40176466796781,0.254156524007242,0.346492155194836,0.239677240723616,0.426394584567463,0.245670644617921,0.274193923377971,0.461698487946768,0.340752109505834,0.346841512914503,0.25521010734652,0.323256974199864,0.447242145940114,0.302746856536509
2001-07-01,0.344273692954034,0.284015091829874,0.369980329768832,0.219859639648382,0.320841046007905,0.340166102743001,0.305558231732125,0.423161543389138,0.270799633972891,0.276613400901838,0.461316865757385,0.310243527426309,0.349764009883123,0.317176432608674,0.34599489154248,0.391375275625241,0.280438642751258
2001-08-01,0.34086186134632,0.289384755402841,0.354162330960999,0.247041021997458,0.287873867918601,0.396829155731673,0.301516455017903,0.431508403947354,0.279159284869019,0.276049085237743,0.525908445739126,0.352315338203159,0.3572124835101,0.265422110144394,0.331281046807475,0.41554799011181,0.372074971228205
2001-09-01,0.349786049600968,0.282502666792054,0.341278176898298,0.305713821394255,0.275561673700503,0.347938924760767,0.298010943122373,0.427875164536665,0.253721315612288,0.290394321057551,0.524668126795887,0.297620192785611,0.359390085780331,0.300407785314332,0.359077234024875,0.414244034455156,0.354670832161748
2001-10-01,0.357528572276713,0.304533020027804,0.344653597252214,0.338744998611864,0.255413026300238,0.364725151947036,0.338246737079376,0.433547752732612,0.252414662897465,0.29053766938321,0.480825503856093,0.304034024868224,0.400151609016562,0.268250696078994,0.376345653671256,0.40034443410469,0.25620560793486
2001-11-01,0.369340737327654,0.286087756201578,0.379037085110426,0.294096091282143,0.269425870949957,0.385412788297501,0.282092943805253,0.440210610342462,0.241255287768947,0.320798403541197,0.475146038427049,0.32109079298035,0.370009195687965,0.241396304000444,0.336871492268129,0.402913590726318,0.300187467152892
2001-12-01,0.360357105866736,0.277925427582063,0.367628805237259,0.237683460958552,0.271679435413871,0.376841860060386,0.257236435105514,0.438009450175266,0.287090487918592,0.318146959303204,0.535865162714177,0.266972662593864,0.352745993116098,0.260152847237674,0.340249190551231,0.391934080375178,0.32441007297463
2002-01-01,0.377457182438335,0.290271129218114,0.376979156754611,0.202045660188048,0.303776661042026,0.346211194062552,0.276716686458303,0.444262796841653,0.272612824255175,0.264679792868977,0.551656414709075,0.320086122108072,0.341558855310614,0.394402113951629,0.348884381275664,0.402715577250309,0.359671775981874
2002-02-01,0.37671345071249,0.318205824283778,0.389822673709447,0.291631719583319,0.290727536395901,0.357497852897804,0.283718660603511,0.45113119964755,0.267775281459893,0.338526125167009,0.513064241630135,0.328360905194987,0.373063519250071,0.311891921779457,0.33793564258417,0.420513760350906,0.331045612462418
2002-03-01,0.374603742020655,0.293520728228699,0.391778375671133,0.269989656872807,0.335894772611851,0.429994941431198,0.262958708071747,0.45811993339427,0.314994354086465,0.308160100657199,0.570149978005999,0.374990430202905,0.35413922958482,0.352429288564724,0.357726686708364,0.434529108147207,0.312043297122218
2002-04-01,0.376816547443928,0.277571473260755,0.377202594835909,0.30974230868579,0.269050862874531,0.348317566742649,0.254338458229994,0.44589022526227,0.299485060043993,0.29615581756641,0.525187894017476,0.357118812428733,0.350984144334673,0.290888153003211,0.362319040794594,0.450256613433888,0.731301985630882
2002-05-01,0.376002453063434,0.311677305072374,0.370114201210303,0.24620880879617,0.28821630060114,0.342140235841637,0.219278185720997,0.444814558576195,0.293930735132082,0.31665195918324,0.513467841890105,0.326807979014547,0.375494800844337,0.290915303727266,0.341411543521262,0.432857804753623,0.3858815423597
2002-06-01,0.374479810207207,0.287240755943781,0.360129584073702,0.214484866512945,0.297076852092589,0.337166014385357,0.247692875967746,0.446780947223167,0.366733217904463,0.301116831988212,0.494276216343965,0.326149731863961,0.371954418222901,0.275527946565273,0.345432544007484,0.397391638480593,0.383977125666028
2002-07-01,0.363781909747657,0.287443513856241,0.381903755594685,0.263334846333778,0.273294904673841,0.352372621684684,0.284857850880906,0.440463567235379,0.320985129758019,0.284773799993483,0.498749066170878,0.303591153841094,0.381122697574262,0.283926766144492,0.343938357197789,0.41073119004034,0.392240278319407
2002-08-01,0.385434957524922,0.339858018415145,0.351370247250541,0.235016580544967,0.302638688940211,0.362807681164988,0.28020176398875,0.459624245019667,0.311714390705022,0.292112131976849,0.547641401638834,0.463271353542546,0.378973330827388,0.413724539128722,0.349353252712965,0.399484817485031,0.270399208980663
2002-09-01,0.392060801882059,0.306321075785653,0.373339174962429,0.279893027836588,0.280151174194048,0.363615437457653,0.242407096870849,0.458153910106317,0.287805597288756,0.321549857835031,0.524848004185779,0.393454827330069,0.430744577297559,0.276851880113243,0.364105795933666,0.403970527535607,0.339281154117247
2002-10-01,0.371028866579844,0.308228663096029,0.362453713081791,0.284454165332029,0.270031832535164,0.360762011952028,0.319040663479346,0.446700602026536,0.277353503607087,0.288865498877841,0.455823587354538,0.302970079903887,0.390380583216876,0.333804492714113,0.353782310247286,0.426745103232066,0.335369833117643
2002-11-01,0.375124982582722,0.315347645500329,0.399247037101092,0.259334057067367,0.28925314124774,0.371679804555259,0.30216245854001,0.456907447550381,0.292790242093252,0.310384757468586,0.517304994113537,0.322056457965547,0.416617203681068,0.257846417156602,0.367173162487244,0.41307850928762,0.297289899685732
2002-12-01,0.376712668765474,0.316485709513048,0.383443584235139,0.24775049495995,0.291664224783098,0.390786817654517,0.346063720033153,0.452146359752072,0.287216431344382,0.328829926682884,0.42286211547601,0.338472672694023,0.509724644061572,0.280990406487658,0.349943112504211,0.406254638003578,0.294783991099145
2003-01-01,0.355332014998272,0.310648712256037,0.374123086083689,0.367861161884028,0.310485064902227,0.359941386193063,0.310375730721458,0.463620476253283,0.34971996878719,0.423088108537872,0.534691358353759,0.382790821268113,0.754392180329171,0.282266789254172,0.352938196046122,0.411165765294865,0.318837698509826
2003-02-01,0.368200011770512,0.319239536841195,0.418854223295413,0.358393562452884,0.304793789419502,0.360466760452099,0.32203997440666,0.470423055361479,0.314262874540709,0.34711469699653,0.506910068690233,0.41226565805852,0.575784866099233,0.511437463080556,0.385557671476778,0.421567898718009,0.329173112009636
2003-03-01,0.396153197167783,0.329932686756195,0.432392932252625,0.428416629535454,0.344827476458846,0.400796533508207,0.243780999934391,0.479172963938985,0.304715233961735,0.349567822679077,0.523727784340808,0.46003811552775,0.527019854973533,0.318307607802978,0.407658847033061,0.428444636938833,0.336071283932726
2003-04-01,0.36930493951929,0.347979853117832,0.403344280402794,0.401368484994102,0.305903590342447,0.35212484092053,0.263343708031709,0.468004455658464,0.276448428932315,0.421217726857026,0.520626542616013,0.392703425277432,0.391497478984615,0.345662199878693,0.417807787541944,0.421228679074572,0.240978578248804
2003-05-01,0.371187204413921,0.336975793790512,0.385391465962847,0.418073698014446,0.296908629517992,0.360764719014921,0.303287840528791,0.461504483822414,0.295129009417149,0.332564285054041,0.481802373748946,0.298623434011395,0.410938565163763,0.369162582051355,0.369876239255064,0.454279518245797,0.286713893567469
2003-06-01,0.353754297675323,0.301140292580283,0.402161327012461,0.324607794258765,0.338348945926711,0.353073775714761,0.301946755710864,0.449900066294893,0.307423049777077,0.316233649311736,0.471423186632512,0.350243596661708,0.389221569627221,0.297413481358653,0.368953671559539,0.442664991999547,0.289888727809594
2003-07-01,0.363630918074324,0.327588504656679,0.373372127214233,0.361712400960918,0.318297830330466,0.381957664072655,0.295489463509281,0.448538609727305,0.290758045078601,0.293966310542218,0.465131621140415,0.350738512712561,0.401107142218222,0.435582852891088,0.371873741111495,0.412579259575113,0.294966659373636
2003-08-01,0.374430162134509,0.306430076223197,0.387547967976867,0.264927019489678,0.311000074761879,0.364910008677671,0.268157442638449,0.461616561699409,0.306850999053324,0.298084707824872,0.526338907202269,0.336411729542599,0.366100958994943,0.296184051756863,0.393239676499767,0.459047492564994,0.3247461384129
2003-09-01,0.354594841018367,0.312506179498533,0.38281987536706,0.248914483549656,0.300585486619947,0.337254157434887,0.286688619062308,0.444713172448943,0.278995534498514,0.29685483459499,0.526643073284189,0.334470522704351,0.366382159840176,0.287765027750172,0.383740192413452,0.417459329314082,0.282820744856204
2003-10-01,0.349871491801119,0.32200342182075,0.401269758526084,0.464508479878831,0.285147472448107,0.367947285807327,0.317298214545173,0.45085585232328,0.33336516186842,0.330994825922498,0.534224018047826,0.336816446498217,0.406767614558107,0.423152393480137,0.388436191585799,0.398609073003612,0.613881510596824
2003-11-01,0.358169895622866,0.319566874360858,0.393341123382391,0.383973687643066,0.335214954436367,0.367670948221317,0.248263163135941,0.442960861952604,0.316660297309979,0.32346645020812,0.519630919820477,0.335393851296352,0.392332867051237,0.295404915208668,0.35560270011475,0.412813358256656,0.178208679674694
2003-12-01,0.346297618888315,0.323946855349872,0.408450416629711,0.258499166881953,0.322475298069217,0.354229784581587,0.308584811529742,0.441287881719749,0.322153622657366,0.289968896464572,0.521608236121584,0.30933281948468,0.399771036033399,0.267671798065647,0.371669038917199,0.409712715119359,0.267416059515273
2004-01-01,0.343530101522571,0.323584465230646,0.373004771874302,0.225584653869191,0.30770895939679,0.336181421688356,0.323795811033141,0.439465436269022,0.346186004761873,0.334095793135897,0.504465342364945,0.317288230360408,0.380761502261689,0.26767629158052,0.384866406653853,0.421678055044411,0.287847461743461
2004-02-01,0.349072040492256,0.32062808954611,0.418918603022791,0.271632006996327,0.3042997668327,0.358884171868585,0.270306269408161,0.452471437722563,0.304184336401596,0.325001523303554,0.465047907050872,0.35288201941415,0.376197015341815,0.308646472817294,0.425934008830506,0.433578300276924,0.244394017258125
2004-03-01,0.371808501397029,0.314327204383593,0.40607957622343,0.248036629298592,0.330981101681286,0.374970043601139,0.359017775669425,0.452974944905518,0.263810002689774,0.325688394025784,0.519858762268652,0.326088382068826,0.431287529990036,0.371387039391903,0.388764960658318,0.436783519594728,0.278908084410685
2004-04-01,0.346692986486571,0.320309758302549,0.380185571576058,0.322086228484537,0.347103168527989,0.365606730361757,0.279785359102604,0.457964855033018,0.287992591655965,0.324061509318958,0.520645903377987,0.308561255694029,0.361612810229642,0.233246956696535,0.404941204527596,0.481402767216093,0.255040247550727
2004-05-01,0.353018982540375,0.32907946478767,0.371885685320775,0.279374436311145,0.311943621940586,0.327224391655602,0.259614759210809,0.42741668763296,0.279769121667918,0.333213658669999,0.446648976972985,0.292754241474716,0.371465093926915,0.339914897949086,0.380331501661333,0.414878247486977,0.253274463796728
2004-06-01,0.321485653087528,0.323218050690591,0.354257996578855,0.277815106829404,0.323657405737669,0.37107242801069,0.223623191252197,0.419682353781208,0.286364810460025,0.355390523912205,0.45924904306909,0.304085835480919,0.34684144525096,0.298777006754691,0.362252808722781,0.404457947359086,0.278026145516687
2004-07-01,0.335194551726055,0.306855195551376,0.373698175941603,0.265640165554659,0.331570238643116,0.343981303614551,0.280281433868043,0.423232489117601,0.316954541615499,0.299892270545022,0.44808357081156,0.284456077891104,0.350770848218848,0.288973405445298,0.353977012107387,0.44448200111207,0.292009555140714
2004-08-01,0.338568791322185,0.355994806336833,0.363444454614979,0.266438056525878,0.349321869115911,0.341039855821962,0.299579585845995,0.433118595581052,0.304101398320313,0.313964118663688,0.509494681339197,0.326915437256233,0.384500421902079,0.276410632080636,0.367955129282765,0.436198546759758,0.316766773418555
2004-09-01,0.33202592255417,0.310835881242934,0.358289903354362,0.252328181395908,0.295928792019641,0.317022991798826,0.267485589337882,0.424979056217949,0.332781823840589,0.3373441939968,0.554469151143246,0.302424039241168,0.360930193581468,0.36266700793104,0.378510728370085,0.392952202600763,0.276342357811064
2004-10-01,0.341130038135034,0.318376961303165,0.370544567328654,0.230921394152521,0.37647877023216,0.349458649858306,0.244901790749522,0.426934400437845,0.292356730728778,0.31796756152808,0.530552554061174,0.347788453000081,0.378759506953215,0.314361353223575,0.36781158023522,0.42401352973057,0.287115028632717
2004-11-01,0.339453134720333,0.351668862986445,0.382473403345417,0.286722551396831,0.29747613285667,0.36559316478213,0.234043466515825,0.423038509162701,0.333894437800334,0.313185596182154,0.486109669480439,0.406320397787661,0.387014549287218,0.287666670027335,0.361742815995977,0.411103021377565,0.228419341714492
2004-12-01,0.330087480680666,0.329249910703602,0.367684523968569,0.363345189025121,0.337871484222943,0.384162815815218,0.324503251911084,0.425884090483084,0.292137173626357,0.331966892005042,0.471571936119439,0.364475535529689,0.451222841642494,0.24461358335776,0.364079491441445,0.412049134579848,0.293802679926752
2005-01-01,0.348190882499422,0.324060738031428,0.412640045636097,0.269158265116257,0.329621140352346,0.358654306499077,0.281859753396057,0.427766325432437,0.329874495903157,0.299535948701719,0.493952942563589,0.331849061852796,0.354248895644776,0.324186019973541,0.36218647765459,0.428097542960669,0.307797978226123
2005-02-01,0.332522108114823,0.323327282561403,0.391603139623329,0.629733100314572,0.347696845704847,0.359305063672844,0.311094833581738,0.4364915053911,0.349534196702756,0.359082483374836,0.491827322492767,0.322244657100604,0.387430373548824,0.305881865741246,0.375275332208523,0.445690763197902,0.326596981445438
2005-03-01,0.337470639905396,0.318418600957192,0.41355597928002,0.261586445382397,0.314957021392943,0.385738251595603,0.279948711728915,0.4405369733619,0.313679732761249,0.31084677153029,0.556716871836525,0.3816429271938,0.355292615144184,0.274935036398669,0.412179621720637,0.432087984268485,0.293913690851213
2005-04-01,0.350453877106884,0.324717390491704,0.381579522136384,0.264727976578773,0.347395939638925,0.370026208127847,0.256274662022597,0.425007172674982,0.293976852441791,0.323845055544501,0.488145849975494,0.325564607808726,0.346556318644042,0.288413313535785,0.381086142336478,0.40466825541845,0.241591403605196
2005-05-01,0.354446425077531,0.318822709744816,0.362777469373049,0.354490752041743,0.328666388252291,0.333927335040716,0.29780641839177,0.425616600649475,0.249360450949268,0.338239115552859,0.453642789515817,0.315180268555242,0.365571081317493,0.315075445385125,0.370845985753969,0.45549956819939,0.282906702556488
2005-06-01,0.335229370229545,0.322548410481155,0.359943865585702,0.335842748649098,0.315999052875844,0.333700073764271,0.312508807541981,0.413943273666401,0.287834007842367,0.342993761218107,0.441386050566772,0.346998736708352,0.39027016647545,0.312284671972234,0.379284267452496,0.39854745714905,0.276837453123667
2005-07-01,0.332082449113609,0.323230939071792,0.369873100144283,0.30670035579124,0.311725271920435,0.337816169667554,0.277108922022328,0.411258669515792,0.286837623405522,0.344711718726377,0.457702424709411,0.354236046008075,0.37044590383927,0.398544065542969,0.356416628374793,0.397259027891095,0.321568400660023
2005-08-01,0.329618830299301,0.33650775327971,0.353496934285711,0.252346425470679,0.309059661649759,0.390102150205685,0.300492993288621,0.420197283565144,0.258528148706497,0.339405925685255,0.528263887289514,0.30130857600629,0.3469040219405,0.295652747498184,0.35422325875876,0.429588930235769,0.339855957015872
2005-09-01,0.330658926609355,0.319569950327606,0.35380894392474,0.252401187669117,0.326916958031406,0.320836093498714,0.252079238322087,0.414596680122136,0.294842948977763,0.357479629686868,0.531311917805518,0.295145025849309,0.370654975355989,0.280999567772697,0.359249463100788,0.408841122305638,0.25456259065125
2005-10-01,0.335913207695029,0.354036441654943,0.354524981221573,0.286579776682076,0.323549571245355,0.356367412992426,0.318288435415934,0.409697681010781,0.308682699492617,0.308943980619318,0.521395987968639,0.305179904574366,0.347405827645454,0.325787507221252,0.340821702532993,0.400131150507802,0.24996295723615
2005-11-01,0.325815837907649,0.345012527579374,0.359387249884771,0.278854799156635,0.289395344760586,0.395429951461392,0.257983686062762,0.415985058271777,0.266462550239052,0.379547582881263,0.539250228956714,0.295175189305252,0.396171908130545,0.282698450302729,0.350569863519155,0.432069597938918,0.340551553151204
2005-12-01,0.320625950979299,0.315431865825745,0.389745488970749,0.249034625837714,0.332630571823315,0.39535519450423,0.231720696218156,0.414113948066792,0.266814198179064,0.344979378457006,0.483411737371232,0.362499855811672,0.412021814084507,0.316823783248604,0.37943585426171,0.418594606483869,0.381910989872682
2006-01-01,0.3548758281909,0.314267718636037,0.366307573575507,0.247698800226263,0.375782318336031,0.321117202383852,0.259670704231258,0.421926463302129,0.34030674596065,0.343252393675687,0.504162162792205,0.292570141614178,0.354943464253178,0.308524208556827,0.378157559762931,0.444699684680867,0.284258276976456
2006-02-01,0.347391939190106,0.349553177217902,0.403304362443891,0.242337659322105,0.323479913676351,0.363949686767225,0.302809993973292,0.433631618470869,0.328992646886988,0.334260859548647,0.466357830188721,0.339728848813381,0.404446322788089,0.301668037266949,0.382526812383904,0.451154621990733,0.401210526181886
2006-03-01,0.36125583507183,0.337513584103623,0.403845979419536,0.280665388533202,0.349078292496932,0.349110185303425,0.29834342191913,0.443623098285759,0.351609931124861,0.316632380221867,0.574443111123761,0.340888152226882,0.377299919906399,0.298045545694296,0.380760038885236,0.458370493739778,0.34301167228665
2006-04-01,0.346760860642422,0.331587960528832,0.387738362319212,0.306562912866278,0.31652992910975,0.341827515597121,0.265551899322488,0.421824644014216,0.307457735969447,0.326697613655813,0.514891922904177,0.318614486923806,0.391819612409265,0.283683672394829,0.380482684618106,0.407579755536734,0.303872179164319
2006-05-01,0.339046519163731,0.317847292821404,0.375704950729015,0.332243210051022,0.310281449568031,0.34375853903865,0.248876324179764,0.405460819442174,0.274991338556713,0.313212386026472,0.478075241122292,0.304296418871583,0.362952182732022,0.416276604721,0.344487887785394,0.417320953197167,0.270681768053706
2006-06-01,0.33533219667528,0.37397971108015,0.343789972098302,0.307824952167986,0.367757536138864,0.353199313788007,0.267551953057494,0.422917304538494,0.296442849777135,0.316236671871477,0.466194531897663,0.331738007729233,0.35684347324468,0.302235114855801,0.339128528874069,0.478483318957343,0.314549219179172
2006-07-01,0.33643816503836,0.320664200184305,0.368313941369558,0.314824255602635,0.361270505261315,0.358598060769274,0.321922745775065,0.40916063627736,0.3154020613461,0.299382045354805,0.516316753772031,0.335137243934208,0.348825105876754,0.373443890386746,0.344218142576245,0.411282783326304,0.369245203672768
2006-08-01,0.348411586400628,0.30059547510874,0.356283722490671,0.274488843229004,0.310189904700198,0.352713221723932,0.267987169845288,0.413243098809315,0.292106166155642,0.333027688747862,0.527279457143074,0.323574815574599,0.400502976029879,0.277570566553907,0.333766556980202,0.395278018006416,0.373325202701308
2006-09-01,0.345396823986188,0.325170515825415,0.356608149103504,0.239519886143766,0.282853512737279,0.35741589267585,0.257077771785291,0.406747100525998,0.342441587707579,0.315143181130364,0.526381976382957,0.343928325916947,0.365604653815097,0.259450553278329,0.339884748085169,0.433500935603881,0.370163402260488
2006-10-01,0.330732794694883,0.316361442993272,0.345547303897017,0.271481410603442,0.298630320790927,0.306367943094993,0.308464538115564,0.402477198084601,0.299778520657153,0.32298821277031,0.536510337210087,0.305539335758134,0.38427690739983,0.348781594262976,0.339173322549884,0.42068721203586,0.262435268702938
2006-11-01,0.344214423546485,0.341440350682531,0.362153952618909,0.302724186896056,0.322249662447326,0.338660860407207,0.267314561667339,0.406242592767364,0.318625957040608,0.337248826675788,0.481381295524151,0.31680607871791,0.336553505797886,0.328022309141738,0.345085600988464,0.403714565456783,0.419392911751173
2006-12-01,0.331037459696486,0.315458212733527,0.407509055873031,0.303715857493569,0.299891745966114,0.362275296925588,0.327075195015273,0.40490868478016,0.291628659352082,0.320070337284558,0.495715361575644,0.323543209702697,0.342914716680003,0.343085464475062,0.334275593273579,0.393885724956641,0.275847827351991
2007-01-01,0.331646666744189,0.308438483375477,0.369512970281712,0.279792526648902,0.328170065453477,0.344627906534616,0.331424288781402,0.409156652488899,0.329303785601408,0.354543806919714,0.498020961760908,0.313195391365088,0.375036980653127,0.341297598066072,0.3664294447936,0.422204451128611,0.356246940681333
2007-02-01,0.346695716750359,0.30399946388231,0.374661969700106,0.32598532665339,0.338504454628749,0.385849655602624,0.242253794050314,0.416124413897643,0.325556004094633,0.334746767239976,0.450855230235181,0.338211612202928,0.374664009163271,0.2806585580422,0.348249389667926,0.438212382248178,0.307617681136782
2007-03-01,0.355915732395901,0.332805818059667,0.379756443271133,0.327104084330289,0.316165477053101,0.327291973208214,0.249138799639744,0.43687991183726,0.289619218824673,0.323627658642949,0.562126706297725,0.353622431760655,0.39823430331854,0.328918556321993,0.359115417998917,0.439577911125311,0.327597272658038
2007-04-01,0.354378171115269,0.328631508861436,0.3845949206288,0.303778279307448,0.348669116812279,0.347517150073475,0.27288262449105,0.426965117080672,0.282313740740143,0.331973806821995,0.560081393761802,0.340211332971002,0.424970464795204,0.319253767735731,0.367425403560651,0.443926348366277,0.29161295519093
2007-05-01,0.346536618998516,0.321582910771018,0.350893576574971,0.350470201686799,0.307066498683808,0.333112931662292,0.296188413429459,0.410399432257111,0.292788859526845,0.321898497097919,0.553053515659162,0.333479304756721,0.400444868417774,0.307815852825169,0.346525192910734,0.417701871303507,0.286678315340416
2007-06-01,0.340074636578981,0.305682775619057,0.345873945460826,0.348477873080851,0.306919486394719,0.306017896525726,0.289582942667688,0.403572189792283,0.320938122904585,0.334263429958709,0.464441421938383,0.296562593399997,0.387841343476567,0.298792597887054,0.355662876319125,0.414262004033533,0.361494404569684
2007-07-01,0.331586235218618,0.330980558439337,0.34142350659083,0.26710722982198,0.32705482690882,0.343925349778675,0.305177187453284,0.397495470243874,0.300977685868463,0.332035739207879,0.457060893086171,0.333349065639424,0.386758369373832,0.312893395844698,0.350717852262451,0.403943869726305,0.314987530172036
2007-08-01,0.337327117673144,0.310625343521054,0.342049887736092,0.295564684050713,0.319123283374497,0.331703916963832,0.33548084043866,0.416950008397508,0.284008015400736,0.328285132026586,0.571795950738384,0.310469026361092,0.380895154264046,0.325246009263094,0.334530985769754,0.472398968309405,0.290570649027127
2007-09-01,0.34114477531649,0.327798665171502,0.333500000545795,0.295103145121193,0.332649173504027,0.30551133445313,0.262518188667146,0.405681641059462,0.345863271434018,0.33817581362461,0.534631368133867,0.348743466397912,0.387707711469133,0.323306904078773,0.337713902080044,0.418750309921765,0.317849519228938
2007-10-01,0.34331260328554,0.320801427336751,0.331649834318395,0.307358661719294,0.347356729354245,0.331567398196202,0.339229680771698,0.405624248006089,0.360913309171468,0.362069002952433,0.527717017584871,0.315764552899917,0.378394970310519,0.290913710111906,0.333257217811491,0.403627865871864,0.331714515403034
2007-11-01,0.350940616401575,0.31731211031868,0.375574909406991,0.275846001688399,0.335795804616858,0.354820580025229,0.251714887582371,0.410425909654352,0.309979711865823,0.318850223210624,0.518087232442157,0.334989455677052,0.400289651064089,0.339372717149162,0.342206134942311,0.412094469315028,0.343178381622646
2007-12-01,0.340149045473866,0.313666511811632,0.369673599530413,0.307389327108715,0.325307001995519,0.353350933425561,0.359726656610324,0.409728143119819,0.375915005693173,0.320606634614768,0.468209854914009,0.321325111337117,0.349753411470625,0.369224976397468,0.374892852022676,0.405125060571821,0.350510819215828
2008-01-01,0.343286618490496,0.33516649993018,0.351775706084199,0.238060834372955,0.323440216630777,0.325079285790512,0.338558353300611,0.40418166202672,0.326530877881163,0.312058938928924,0.493321348348193,0.334574532127414,0.372376003067494,0.266193100975222,0.341389481249768,0.40187004460391,0.404190296205322
2008-02-01,0.35107912877505,0.328684652983466,0.374491216557262,0.36441808227729,0.307998056288576,0.324645526327676,0.314006874290308,0.417903301488172,0.359486774254553,0.33640616973353,0.443315349434895,0.353584293002632,0.390571905100199,0.28919272010582,0.335735231082986,0.450687646446966,0.315522882207506
2008-03-01,0.357432584880524,0.336879361232121,0.404236887574353,0.313679439136615,0.331599471351976,0.357128776886976,0.313136677121503,0.434111848901632,0.344654239898257,0.285607303083526,0.556353099543274,0.364072933415442,0.374290811140009,0.343761180586768,0.356061827899209,0.429387517236034,0.309763824040283
2008-04-01,0.341136351907502,0.327035329517449,0.3728682694291,0.302721823543262,0.326955699772191,0.325833520627597,0.30280447797512,0.412192444480026,0.362070022661798,0.338140926234757,0.513055564992962,0.342043715223342,0.379777110436412,0.330198102159851,0.35208009935026,0.428437581269174,0.321994532019902
2008-05-01,0.356752982516982,0.333158231052029,0.348193428604798,0.288442741690161,0.328567270648014,0.303645488829584,0.26462892216758,0.419433968962894,0.312005045025705,0.355201379899737,0.497313716299138,0.356410167602792,0.354884671809815,0.311359365355105,0.333507162409694,0.488266788561078,0.289507051691889
2008-06-01,0.332404101998763,0.31414085768579,0.339940417261923,0.266561413369621,0.294956837556107,0.349837765645664,0.295540238297152,0.400150361203422,0.310264106469328,0.337701486231379,0.46508532348592,0.353733022525648,0.401313046068476,0.319042193121335,0.336175838478034,0.419365354403978,0.266411515525831
2008-07-01,0.342368928011961,0.301160565355173,0.35557075385469,0.290130219750665,0.342490478412809,0.322393162872143,0.314246870889829,0.402234427213293,0.321148748276251,0.316919046213556,0.460413202125776,0.332687546153602,0.395182867212676,0.340994573876745,0.329711699241042,0.411981477078886,0.251846567786557
2008-08-01,0.342635286948159,0.316649288371643,0.35084578124044,0.291947959452234,0.312127821571321,0.333829765685643,0.278610272839694,0.409481624215122,0.302627852375475,0.349082037906141,0.568391330917978,0.325144771638059,0.36955263052484,0.31329304797576,0.335541315151454,0.411955320467751,0.279513065860973
2008-09-01,0.336915024866919,0.325173833849065,0.326898805733958,0.272580055446467,0.338563641863944,0.31944560914559,0.258996159759622,0.397373718161687,0.309369885889038,0.302328419947378,0.538819404409202,0.357199635394533,0.348273305963251,0.345485191439472,0.328055742566665,0.390451180335133,0.271825672483008
2008-10-01,0.337024380206389,0.33798776333376,0.344007981839532,0.310394494338928,0.282186632924409,0.335570110424569,0.306181374977495,0.402205657787589,0.305546424908543,0.305332914075835,0.546853621349289,0.329093179374133,0.364317590145212,0.35535127150969,0.341653807722269,0.407732917534654,0.323266181521397
2008-11-01,0.333247105400224,0.326960223692807,0.373993268859875,0.298487817255262,0.322543522312734,0.347944391237698,0.27208181247017,0.405898332049606,0.318661875133243,0.348027576163472,0.497615183258199,0.329496272969999,0.348581982262272,0.342198352132656,0.332647485218861,0.423552994932537,0.404342455542374
2008-12-01,0.338742691308028,0.309257561881408,0.366575967367121,0.302611630776102,0.303567098246042,0.352249160368685,0.37815615289375,0.397426984542222,0.324816514956058,0.320182116860363,0.410427107719201,0.35399766154134,0.359340124556657,0.299704432040776,0.319773114506205,0.42678863804341,0.35315946371073
2009-01-01,0.336228358408507,0.311233148858546,0.342817065997222,0.309900666471368,0.341367613007799,0.321323035165761,0.272453952276746,0.390835592077626,0.307631742704773,0.3090065658321,0.469182087319646,0.33813142844048,0.366961567564496,0.318732175502123,0.329738624584472,0.389463992285262,0.296866714040789
2009-02-01,0.353390540732083,0.306936490898486,0.368361225441042,0.256567410566155,0.303369048826911,0.33854910790763,0.289137183873612,0.407792308110337,0.346077742940644,0.305268245076802,0.462228232341198,0.367858800235408,0.350036980969965,0.328496809108196,0.341315832662402,0.418530709577242,0.27624859664878
2009-03-01,0.335746423624608,0.334315201039591,0.372632617793965,0.282705176245144,0.320676626441611,0.381919111897855,0.312786188302416,0.428148302604033,0.28366992006346,0.29991231076397,0.508870103253411,0.385291419539681,0.367820172135947,0.269630091686346,0.35129786683525,0.495946766654617,0.28204312777018
2009-04-01,0.358880687447998,0.32393015177124,0.367585575539025,0.298990154082899,0.314866809180257,0.343007421037178,0.39879754829019,0.412448994111984,0.293279448221441,0.304918724355193,0.507069633548056,0.337514401866557,0.353710905021221,0.297528670588521,0.348392336481726,0.421408271954999,0.323612607751986
2009-05-01,0.337530881774921,0.315534828017428,0.341366071599172,0.268782280847833,0.335912405241476,0.329495064903079,0.235445515208402,0.395403967401167,0.291995856259921,0.327063373226274,0.413831636398809,0.326788760226384,0.323410029944158,0.309780040649291,0.350180039397388,0.436387968644913,0.286700762518573
2009-06-01,0.334739764076863,0.322212057960616,0.349602801860389,0.278262721036934,0.297598892209592,0.323258808038125,0.327638996371846,0.392349363770353,0.309243275611795,0.308301595537253,0.447548512582297,0.318096728853041,0.380772840334538,0.271996788815463,0.332275973772226,0.396171268299859,0.279018420874278
2009-07-01,0.344404810834527,0.329557842314036,0.354296734979657,0.240793243246446,0.348271558994646,0.335990731429939,0.324677909668465,0.40216023651483,0.266537864278813,0.313625021404585,0.491284765053095,0.355745089536573,0.346488298866779,0.312258881776483,0.32737060199039,0.400689113045675,0.300370767624942
2009-08-01,0.348621100672265,0.315298721505134,0.331064113292218,0.253992276044287,0.33326084508357,0.348727747393696,0.281475268955672,0.398399586377305,0.275647763004112,0.28791237729533,0.495426727681407,0.329250429215229,0.355111654242994,0.371511556285828,0.33463638019829,0.410620511338504,0.33865285519412
2009-09-01,0.350084599971351,0.309385480822471,0.347000761873724,0.240159139521845,0.345995971223248,0.316269967287485,0.288137625505313,0.403310843675591,0.289540764523047,0.302058758438779,0.518009264418746,0.343297115406378,0.335854016151426,0.293951952379162,0.339310337767384,0.397259032684798,0.353156966408214
2009-10-01,0.329128794248948,0.328256352190034,0.342889203159125,0.28577392854546,0.312037579024012,0.385023317981134,0.305104072203459,0.396649435180769,0.281099346346,0.319886196816147,0.491935268595813,0.329157169915806,0.331784701593051,0.293490559872724,0.32896152612186,0.402046791697696,0.325822597835308
2009-11-01,0.339344093706111,0.33706925773142,0.345528503731157,0.248285671656933,0.304142991982551,0.336225268610544,0.25259724632756,0.40155378112276,0.296099554725432,0.287124882341368,0.509814376967287,0.333723665894885,0.358851316959548,0.341672596146569,0.341033244954996,0.397453877888604,0.31095137349818
2009-12-01,0.345263408426973,0.315776043619136,0.368148945983574,0.266420196681074,0.333936482021025,0.378769861764504,0.290320602809536,0.403711834589212,0.33584314981173,0.33249482791574,0.462369076618694,0.319244124437456,0.336285010491487,0.296093155905809,0.328754137934369,0.426900516576545,0.251742015081604
2010-01-01,0.338914148047249,0.336178212014459,0.361450969566651,0.302416025592002,0.32735816889291,0.350256021770989,0.278967635986828,0.40081387389579,0.307273480437854,0.31828755817222,0.480010035140627,0.308667724027065,0.30395406671685,0.349685047682401,0.34179997505554,0.406462236759999,0.308945752580092
2010-02-01,0.344044273278907,0.329906778220472,0.356463609915328,0.242238819936986,0.3078158914491,0.359788881304814,0.249593867265742,0.410980993772224,0.317085753236021,0.315699879483133,0.459771233646806,0.374294307392937,0.370108911805292,0.2373523446496,0.334772399680075,0.444768718132428,0.299544140198914
2010-03-01,0.359281673832043,0.324944164952977,0.384737715554021,0.308462718766305,0.299472081504574,0.337890228067791,0.287933784588508,0.433097462176363,0.273164767405365,0.332353171086224,0.502792839879388,0.37390992005013,0.375389644006184,0.320588538347216,0.348485627249031,0.499802316513025,0.299310250143777
2010-04-01,0.38008395489997,0.323574374266006,0.359304466113384,0.313237548915235,0.335901063391628,0.340183855059942,0.255133426427594,0.421757403273418,0.275743239333744,0.316186312767194,0.463766082543044,0.335910683337828,0.394056425809619,0.329371778091444,0.346631258038211,0.42961243071406,0.435361180574223
2010-05-01,0.345376168682291,0.323135364465247,0.351002546410417,0.260245289141699,0.319235925943106,0.339676577540698,0.284442721408531,0.401195265166962,0.289600616027901,0.316361542809272,0.426692768995197,0.300369229160237,0.337985426138251,0.301459585479744,0.337045178599827,0.402997418299133,0.280606483983375
2010-06-01,0.345144862804341,0.321609249460394,0.322700638722935,0.282130941792273,0.314125257827058,0.348166403299475,0.20642994426866,0.40140477056241,0.295411902438296,0.294601771447663,0.46429007206351,0.312193279662301,0.351120793246382,0.350359418270869,0.346492498522687,0.400447572537424,0.257674439295186
2010-07-01,0.337845879216814,0.321964268822359,0.334603895169997,0.259218956784067,0.326116412971442,0.350458855545547,0.280143019895165,0.398785724394061,0.269253478909017,0.303168002279987,0.486087375607283,0.343538998799747,0.31846407033768,0.296794899417129,0.32461363204383,0.406125526578467,0.356403954380319
2010-08-01,0.347981968498026,0.330005215628975,0.338480228419558,0.253796124734058,0.312085352296235,0.372746141297937,0.232369443619751,0.40890360453933,0.288817581252789,0.300038411301612,0.514947137725982,0.34000546660745,0.337609871784741,0.290846506516817,0.320352526315035,0.420880577644197,0.2471739879941
2010-09-01,0.338188022288289,0.314748996787063,0.33873287368175,0.250222648880147,0.304827312599303,0.381888963185861,0.271062640037778,0.401197515907249,0.262786979490541,0.287862156258421,0.541783622211963,0.300690254939236,0.347743393075385,0.318263112259917,0.330312429264545,0.387837918959341,0.389379767464612
2010-10-01,0.343494317579037,0.307222796079367,0.350916770983476,0.269264700378665,0.309346518853354,0.386229189488575,0.238026811655509,0.401126208842626,0.27886761869089,0.327314168849067,0.508846677364771,0.338376914789446,0.342697161759518,0.313393446033295,0.335759437599764,0.387703401536787,0.328772791122571
2010-11-01,0.351786311984918,0.333396640516357,0.361235046544055,0.26686846245553,0.285708012004117,0.396737928208438,0.266536904355789,0.406602032726204,0.304564942879885,0.285439209340427,0.479138974704123,0.321448139564302,0.34080492859419,0.316860279058943,0.325169872800756,0.412027380993792,0.265247233429108
2010-12-01,0.370802913060212,0.328126567837161,0.378591654361865,0.248558435654874,0.309762846014326,0.358989579628066,0.258029660684155,0.414914729051061,0.406100099218024,0.331951746787591,0.440019969489204,0.343167217786502,0.325332771099503,0.312195136006711,0.331164867190974,0.416146961675971,0.44926790402432
2011-01-01,0.341415550914258,0.343690299029795,0.366282574111098,0.269590482050179,0.307921882211794,0.340841704537853,0.243277939923256,0.400181315261484,0.406418480017558,0.282034685633743,0.457116238646851,0.326022044886629,0.318405877647111,0.315988214962044,0.337599137116334,0.405248208175376,0.264944283599951
2011-02-01,0.357871031229488,0.379158241841535,0.369670507368676,0.285117862523925,0.330273944267274,0.340085661969062,0.240181584384162,0.417771294361922,0.381667350946044,0.292727441168278,0.467588640158095,0.326551930699936,0.332753824543028,0.356795525988295,0.323349800436952,0.438545695854098,0.282095421581114
2011-03-01,0.371770412632992,0.338939782713297,0.382265764286763,0.252564076178079,0.322820396253725,0.361379585711003,0.253766295909474,0.424234138087183,0.282555393585429,0.286030602844441,0.446298509374736,0.361551824179149,0.309391850853306,0.286738390006323,0.337757767764447,0.471787459132952,0.269936641781222
2011-04-01,0.365757762230741,0.322878990566661,0.353354273417569,0.266679872067789,0.321273680869883,0.33538278449162,0.254231868652054,0.40651613805469,0.317473136761522,0.302718958721935,0.459750764371638,0.352649122592018,0.336588978766934,0.377652172835123,0.318686051047751,0.420416464490889,0.329410930635547
2011-05-01,0.352325561940373,0.336385725134388,0.371773559264518,0.275020309106687,0.321989893605786,0.34773273411477,0.267946470828642,0.407999568176772,0.327884267561125,0.29342469421402,0.438065864226811,0.32362014452188,0.358760861837943,0.286485345793481,0.331085568238375,0.415376050570003,0.32043394968316
2011-06-01,0.366751485279006,0.327768367690851,0.356484628655373,0.269633695321449,0.325108505131987,0.330308697612612,0.269957659637228,0.405376403658966,0.363220793871359,0.306910655779393,0.400883511913138,0.32880779011872,0.348602490647205,0.294753847587232,0.318901738732568,0.421648734866822,0.26403800899424
2011-07-01,0.350158617777149,0.313479278393658,0.380256103441634,0.27654298490634,0.315584624654474,0.331131531570588,0.285809216931076,0.408610427284034,0.376954205705259,0.312997845778603,0.439329854113759,0.335937159075854,0.355109900201606,0.360622375087042,0.332326722593474,0.394935463087973,0.285933463779355
2011-08-01,0.355205750352588,0.328266157058094,0.361343752250269,0.281408903864589,0.292498572523755,0.337737358132597,0.261945084884008,0.406991465755939,0.352176897338669,0.279351699829903,0.505910475564215,0.301072626326241,0.338202701526094,0.275094816053983,0.322736807402779,0.399075466943625,0.270824929938908
2011-09-01,0.350921524117752,0.314784111811066,0.363687131892088,0.291897167623404,0.320169558470108,0.369616666461959,0.261507921355016,0.406842859198566,0.329005189571077,0.287048883991227,0.514926496986786,0.311970309627267,0.317023449506784,0.273481518189998,0.317636859565101,0.403004537628003,0.281150182438542
2011-10-01,0.358833788624061,0.31260270923001,0.383245001957234,0.241887498281952,0.305351058450103,0.422585166715925,0.240785475793242,0.417923983927326,0.353003763397593,0.303267749234664,0.508110231353226,0.368589648251455,0.294905827373085,0.372708230773472,0.317050853458529,0.393909510625052,0.30177269119202
2011-11-01,0.382719499789255,0.315117752030044,0.363619959027951,0.26810318198634,0.331210496743157,0.360276510087768,0.257544528253014,0.420022020514119,0.376776305092257,0.290789143984818,0.479154563776437,0.332584259334013,0.324736341708734,0.279082328236984,0.326312950968089,0.420334802507654,0.408466863865114
2011-12-01,0.365096032936972,0.324945238297579,0.401307250625825,0.257704712395864,0.318886108030237,0.370858351185681,0.252126021882718,0.418830326284187,0.317320480311722,0.296096030483999,0.454172123949823,0.341601557444123,0.34657278422312,0.394840429492727,0.331585621129699,0.417446265808752,0.257599986002268
2012-01-01,0.35534022529786,0.318554525593164,0.387699766556366,0.358990664573569,0.294615744617754,0.35678934408756,0.233186056886111,0.41040265408526,0.386269894512513,0.287426641700958,0.467333522296507,0.302301959210468,0.334476826771382,0.280256273340146,0.325695324179271,0.405540153843122,0.352850949510878
2012-02-01,0.361447915212163,0.322445630383048,0.39603549731223,0.30271406933948,0.299066028099047,0.35547775649657,0.240036743892674,0.425985640249516,0.301094916635382,0.31368397695844,0.468410134582272,0.353561476594014,0.35414599511266,0.305420472870228,0.346237969184551,0.427132242740536,0.295368004965466
2012-03-01,0.364665034660572,0.339046336976119,0.397094169153087,0.281918423215459,0.329776652191783,0.356340242755365,0.218481606918937,0.437997239794554,0.335742995995472,0.290458574759029,0.473262001047793,0.37832957548955,0.344178787320679,0.290427863099226,0.370269832461473,0.470860899360329,0.350463972023193
2012-04-01,0.381001849126763,0.306801686054846,0.379025825060607,0.310693606655787,0.331110202481304,0.340303980013738,0.219204540916572,0.416787920801326,0.33948095308238,0.268366034166019,0.442494014170777,0.32649408996715,0.326310668606322,0.31106070198466,0.344507824519965,0.431087662789301,0.318133625904553
2012-05-01,0.354614076727799,0.325386179685839,0.37880475133073,0.313427261141932,0.311569372202113,0.35203072766605,0.270139818312329,0.413996706866103,0.385339229156371,0.311789701922426,0.411126526795986,0.343148713134114,0.328418318517942,0.293419228968328,0.339536304333291,0.420588376837798,0.279679836923821
2012-06-01,0.353533938871662,0.294284953704598,0.387248894793108,0.226410255440449,0.294435959057683,0.359177773262481,0.249124235642811,0.408551057929841,0.276424523310249,0.279803339968333,0.420641703328705,0.350382050383523,0.345476436120738,0.346750133959948,0.343837517494113,0.405175305217443,0.320225928336599
2012-07-01,0.342938875302083,0.322077672892907,0.37870410541225,0.307341393623057,0.322404867077608,0.3372559401745,0.231102930872415,0.408481492357043,0.349888984418182,0.309734112241304,0.483340950015712,0.307452690983626,0.328360052938616,0.289707738612844,0.343820735329445,0.396059082282896,0.298332597523187
2012-08-01,0.350042577314256,0.293861578435602,0.373463319340668,0.244123748095675,0.289535033570872,0.331518698760585,0.268402492387702,0.407290773814453,0.375444074782778,0.270197315715473,0.507934165247115,0.339679850456891,0.326984046843756,0.296998552050985,0.33511705703759,0.395615483670517,0.29252769149302
2012-09-01,0.348002416612841,0.300513145956606,0.374597040435777,0.275294592890934,0.313120028859885,0.353827839082915,0.263049929023802,0.410112421628778,0.317415397245346,0.282751592953067,0.523724242039802,0.340356956188366,0.312570026243077,0.332334562975013,0.353422932692368,0.376592090890775,0.324491276749864
2012-10-01,0.352752214430297,0.308375188429192,0.386697047945033,0.257739360136487,0.322194533476574,0.345009836796455,0.257789331171874,0.409596223867222,0.336726474459608,0.295232666605838,0.479604028740937,0.289518797558693,0.32275423910619,0.336411889682809,0.329094758669977,0.391861156478854,0.317821205536086
2012-11-01,0.346923590771435,0.321094148111175,0.387825082512983,0.256475112486884,0.299574439205987,0.336824736440179,0.267603973542165,0.409267940619554,0.373333968261617,0.27604293443046,0.467266628085625,0.33962557743964,0.369822420880711,0.286848182959737,0.339662244410952,0.397907285327389,0.223940637186171
2012-12-01,0.349681454232059,0.300102715804573,0.416118713776246,0.379706388729305,0.27161742416102,0.37669585681994,0.234825397957363,0.418795011313033,0.327967632896825,0.265991484727598,0.472595218654489,0.281429079685348,0.336182116879618,0.275382940424521,0.33559752389339,0.426608065706464,0.244632633225981
2013-01-01,0.352365086335501,0.311413858901465,0.402226617595217,0.258039827438636,0.322466371705403,0.363259165926991,0.245113443409789,0.414450397710433,0.355658949987525,0.29327586465922,0.459989345394699,0.329720182383133,0.324782319715152,0.316400138222776,0.32872894020775,0.401418766089348,0.268025601413678
2013-02-01,0.355236919368589,0.336518535558909,0.431435048920231,0.286496043298298,0.300017086145738,0.350663027211626,0.245784077319754,0.431058892513552,0.380646478445651,0.275002005284063,0.46995658822777,0.365168065116488,0.403240882183178,0.267110808848039,0.349112761181724,0.446273160832192,0.287689277003843
2013-03-01,0.356065618249243,0.316966958739299,0.465653550261234,0.302363467889321,0.279727765814223,0.341605002192094,0.221732451242045,0.447881795834978,0.36300821864536,0.349915689121165,0.480538024179524,0.407975188673952,0.329659485855434,0.333372504685713,0.351280068101438,0.489431661115391,0.269453121779372
2013-04-01,0.373468222714086,0.323918101129765,0.433776421484097,0.285873589649606,0.298094637432679,0.34027310846057,0.236746075184344,0.42668441335003,0.37035553728477,0.286861383259658,0.472507831575332,0.326675296201056,0.333451085603437,0.249605771014687,0.356113805179861,0.414841192391287,0.263022185101351
2013-05-01,0.350018356647543,0.307100240112373,0.409339492791481,0.24256068176517,0.331492083338487,0.338689963813654,0.266146437209669,0.417819559435256,0.351755242560733,0.277729886516775,0.435993167404402,0.337389147302393,0.351753447403666,0.351581162394935,0.333807134586996,0.423842933048304,0.287710780689092
2013-06-01,0.337930384793005,0.347015105689441,0.435924453133013,0.27278105082919,0.297836102391463,0.342178659863813,0.254720961220824,0.41800415820869,0.355629216129255,0.302898695389725,0.435682343853609,0.340767293895321,0.35383797959076,0.240482030017426,0.339823181584806,0.405018621499695,0.26303362670132
2013-07-01,0.353559062910744,0.305072192855112,0.424699900827246,0.252605046178899,0.293957430498371,0.377961278607622,0.246766899902419,0.425927639769225,0.403556341060816,0.29119749963401,0.454798061104971,0.349241799049007,0.380051709611898,0.340709839208615,0.346991945042731,0.401747390817164,0.258892438741282
2013-08-01,0.346282796934554,0.31399232638113,0.436881135214838,0.261289041956948,0.301560959912011,0.327190602476427,0.302606828204491,0.421876911419591,0.35429572554962,0.280503912012997,0.498388602710905,0.334353383058597,0.357627908707165,0.29188874095318,0.350333442910595,0.402735124119554,0.270408588526841
2013-09-01,0.344739291405909,0.309231383279388,0.415105499230047,0.287536600462422,0.301534736331219,0.364033129068736,0.293115567129404,0.419069497053746,0.355169780145233,0.281309359993022,0.504553035082737,0.281550162687436,0.362075678606027,0.298900122225696,0.340493330897987,0.393896813026563,0.27634440500081
2013-10-01,0.351727055646509,0.307728247946912,0.4126174026409,0.304828410985275,0.304156648290966,0.358596880473236,0.245665301632273,0.418596626454739,0.364668573487278,0.29455776353585,0.490551500928337,0.342172094844221,0.370711924143714,0.282366361671829,0.353177290411837,0.389671613007867,0.264047467107513
2013-11-01,0.355201108309421,0.336813851592653,0.4297431519143,0.263116685417344,0.292815149617229,0.367465903730815,0.235900268642195,0.419247529004352,0.350988503906729,0.264050335499342,0.461760221749413,0.320769024590159,0.364669262848871,0.250142812570421,0.329210073750719,0.411243694696548,0.302512843571487
2013-12-01,0.337441699549975,0.31761766934492,0.416420691656616,0.239741916845244,0.276190093047874,0.371267861656406,0.253564414941009,0.411262112660534,0.341990643303302,0.286809979030142,0.44827972807699,0.301627916928313,0.408491509331617,0.322371775021779,0.332661613186484,0.405155078196287,0.260528422640573
2014-01-01,0.35488292668567,0.320325363730832,0.405768891532548,0.332472889123033,0.419918158024659,0.343091819055224,0.233332943427707,0.421289134214454,0.363475629809433,0.288985231215391,0.466615870668106,0.297673898010171,0.371251542775494,0.269026694644631,0.332804171244647,0.390950392291822,0.30241595784852
2014-02-01,0.36729778693021,0.3305125701702,0.413423926380172,0.32053256786021,0.292569064001708,0.358748195246768,0.278108293505428,0.435371002762122,0.302847932461145,0.296463728109621,0.489514354151308,0.349498179172793,0.377274699332502,0.353279130631792,0.337028789313502,0.433568700332007,0.237840961799728
2014-03-01,0.361659432143343,0.345827348743273,0.438140441426315,0.302713470179873,0.284749537086146,0.351512175701567,0.246536114357534,0.445805212991744,0.368195617619828,0.322072950351512,0.470753952789357,0.35843729376729,0.368168503696877,0.381778759254162,0.353039340012151,0.469158478109101,0.223396500251314
2014-04-01,0.372441420486316,0.336285493682399,0.413174063584322,0.286369302410029,0.30128203357485,0.334297504461167,0.211648783761507,0.435492621826414,0.366967429306592,0.276337226108599,0.478243209521812,0.353165964118443,0.392648101818603,0.356845732166403,0.352409539970276,0.458123127739041,0.242490629517553
2014-05-01,0.342447680144952,0.323986553970583,0.408185554098871,0.251265531988555,0.295796622191081,0.343831084900721,0.282005149420255,0.422342799472624,0.344391724702383,0.289109990271576,0.478978651184023,0.310928461065867,0.371647058885571,0.268577841486178,0.347232677182617,0.419512103906517,0.253280672898637
2014-06-01,0.335783945712736,0.333005416828068,0.375357231361079,0.283453717079508,0.349427504724586,0.336924524405226,0.254116304761316,0.420108433803387,0.277525821358947,0.309163600040748,0.441975277173998,0.322299333873221,0.351535176969029,0.315288400602405,0.369388024835353,0.407638709871561,0.277408900834765
2014-07-01,0.372914596567794,0.334286067940467,0.4207843721356,0.297182847527928,0.294084343020463,0.344830774391874,0.247605040066669,0.425367185819993,0.347368178598236,0.272070641260235,0.481812370589108,0.30269597520142,0.331305731526286,0.302461341717451,0.332603467758262,0.400524374610355,0.200487897379306
2014-08-01,0.374050083812942,0.336732197676029,0.410807659133093,0.254170917062295,0.304123367459235,0.36323668473369,0.237025325467865,0.43856452155822,0.310191226791928,0.27820042610245,0.514897574999326,0.379859832957824,0.323885329728075,0.358160609100247,0.353916459540092,0.411757882179378,0.29155759164323
2014-09-01,0.358049387814874,0.328907920692824,0.405499640912454,0.306700726393656,0.311717966115123,0.344146729382178,0.264342817384664,0.425625434393488,0.296174837122856,0.277582512242046,0.540008561142652,0.310619842960438,0.333269699183493,0.313862244981509,0.33903809793699,0.397480806792588,0.257063365666981
2014-10-01,0.353125100396261,0.342892847249404,0.382591164927584,0.27141118381004,0.309526539780384,0.382346750813541,0.259989965430031,0.42726538189988,0.314975290646854,0.284329050010085,0.496073021097094,0.31120893208881,0.386859411728008,0.32563354113454,0.324560854276245,0.414041269846992,0.232987378952704
2014-11-01,0.348927425214401,0.338320832627337,0.396910682790011,0.283257191199403,0.325472562074461,0.364418261470261,0.253606355396868,0.42869460315728,0.339548937892746,0.273846813807437,0.497583337771994,0.296815867387131,0.362363229473396,0.414420769314288,0.338248457439322,0.412386109696149,0.266082465284153
2014-12-01,0.354889344414645,0.367971272985641,0.389229844203579,0.22078018405759,0.339847296290042,0.354611252850501,0.239545526597456,0.431754437024851,0.377382768138488,0.29967168262355,0.46949135984901,0.321971516202049,0.376511074833812,0.281839440942083,0.336502003460088,0.421711191038763,0.292594764975114
2015-01-01,0.355277438263873,0.345562328273341,0.387128867863489,0.297948556773371,0.329165063556303,0.355354412904018,0.287049391035183,0.429244065712987,0.300707542414141,0.311616288356588,0.477380409190113,0.337612984101159,0.349416177646954,0.309921303143839,0.358623833420812,0.412305014750334,0.247863505416993
2015-02-01,0.364359646777741,0.335563753704665,0.41272340302212,0.309434873229982,0.30216542304403,0.370143622435146,0.285589483438045,0.441347104663127,0.372142120985208,0.27045085254297,0.453039818512025,0.354976761815175,0.354511168899225,0.290139681169933,0.328563610492124,0.467367161307623,0.233648159034423
2015-03-01,0.37457332717129,0.328275626372885,0.422524429418347,0.287253002734384,0.327247286746108,0.360516658656218,0.254141204660097,0.456748254406215,0.438086396554214,0.308947602134538,0.474550444461616,0.392335899818094,0.372128790515983,0.367550227513328,0.344131079732716,0.485961248325633,0.264075102792036
2015-04-01,0.375571804165645,0.364585764967981,0.375681322586733,0.250812795328088,0.3041426166401,0.350005538562451,0.254761750676706,0.436070368341599,0.368610941442288,0.303284126057938,0.49964801619812,0.349845802114685,0.343739428418459,0.308591313237928,0.343290325493585,0.442313871389801,0.27712797362632
2015-05-01,0.357450758842562,0.338397521236536,0.354787243729884,0.277288781945171,0.30759237152234,0.326338520600124,0.27116687267047,0.422725383739037,0.309135226244411,0.301077747647411,0.479984507271016,0.30824741939258,0.335387852812628,0.311379867048379,0.357227063785304,0.413509644937212,0.296971756114601
2015-06-01,0.346366995607577,0.328399596797534,0.364545220580521,0.268147737521063,0.305102643956579,0.329931832431695,0.248176414968542,0.424594754030147,0.357497448663872,0.296611150571192,0.466160935461811,0.331179617540026,0.337596372166041,0.28496282149784,0.360290466962361,0.426771606824928,0.276646155327232
2015-07-01,0.352722621395442,0.325213507467598,0.385183806524895,0.250770663581336,0.285947838019234,0.350460774096365,0.255861581347645,0.424415181701971,0.332416037751915,0.297741806403781,0.488748693357589,0.333738844080719,0.32377988394283,0.281166155218403,0.34422991863462,0.40674518988577,0.301219560258779
2015-08-01,0.364585678680006,0.339016361349193,0.361453165913946,0.312641597898434,0.295970814412671,0.345710275404772,0.272741885850967,0.432408930731393,0.322084306167987,0.286636757851683,0.504777059139593,0.31789319932094,0.366622868181744,0.297233400292914,0.345347437133205,0.41969729732042,0.279370631706412
2015-09-01,0.351615006134033,0.328041106232068,0.366524416488046,0.280177390114525,0.306175916265896,0.372375319127071,0.270161038526836,0.432700184131302,0.342782544816927,0.304880531425428,0.541544166497588,0.34369336733702,0.299922121871683,0.299796906407983,0.355779433962236,0.428057257046884,0.374056030911182
2015-10-01,0.347385287736938,0.330834744106836,0.367997683235516,0.321879644584625,0.300921197868175,0.368743410023083,0.219066304992351,0.426929002759414,0.335323823008177,0.274835124843994,0.498465885888727,0.307030975246298,0.355627593211593,0.325517722803929,0.337749119532807,0.406907939053565,0.313359979045738
2015-11-01,0.347394063601671,0.343027151255253,0.355112471264097,0.355306616114634,0.301159577412612,0.364241412195038,0.256589870872886,0.424784497687694,0.309258399333016,0.285499110884905,0.468534502509289,0.322536260184312,0.369188896394612,0.308159086485383,0.349055350364278,0.415996047363953,0.355227038678021
2015-12-01,0.362318295634431,0.324043204092809,0.373468308850088,0.323891170061093,0.309553956304669,0.354573950457748,0.257819026889838,0.426130524167113,0.358037252966633,0.312011747299201,0.48214405133909,0.27099046043508,0.329331694808714,0.323127806163774,0.357572180418762,0.421454728920751,0.347520454660299
2016-01-01,0.338039249795462,0.363883550462034,0.371645195145287,0.253860070602522,0.386831913398693,0.365119192158844,0.231127838798978,0.43095032861324,0.366456757770814,0.301952804021664,0.502481429984161,0.379315290980754,0.310249969486863,0.307345804961966,0.396918680533875,0.419418322787591,0.393441069094507
2016-02-01,0.364029889793143,0.3606119973964,0.364092059940032,0.245954332433294,0.326473982150069,0.366329606375316,0.270003905749586,0.448503624560012,0.361082829298629,0.300441153765381,0.48956649727809,0.368336034065004,0.365000879018434,0.319204770454177,0.362443234129763,0.466824001634892,0.349726947114637
2016-03-01,0.36333459419048,0.366979652469899,0.41285642919934,0.324128782798689,0.283291188132354,0.39486115840849,0.223898260091339,0.453630983308884,0.356249938574776,0.298970760429293,0.501476417413872,0.401825125532092,0.346074649071004,0.383500607090975,0.365985664322235,0.488642475189362,0.284427477670631
2016-04-01,0.357182631052465,0.379690384592996,0.37371210303289,0.2662630781101,0.319856539853369,0.343864548187284,0.270456519664096,0.443100784804754,0.35045539028636,0.299842304732096,0.553123540694796,0.335577282046813,0.364830795349471,0.274274387077901,0.394183255108146,0.444760837746762,0.265489123944817
2016-05-01,0.356342053992189,0.359196151601886,0.356408856980023,0.282126374251717,0.288209597507297,0.349889436605543,0.265502290732951,0.423850806515489,0.288781925377617,0.322780759605015,0.52068964225768,0.341925076914343,0.327681529940151,0.284642220744831,0.341973861674677,0.41166813140424,0.303246647520223
2016-06-01,0.362707268918163,0.340436576885463,0.358697904675876,0.210052675137945,0.294200663882041,0.361989412415749,0.208432261177258,0.426860238685573,0.40463740302247,0.315295184229786,0.510312993430846,0.329277187176124,0.326179460451442,0.36202102712098,0.34758704541902,0.416034963521445,0.284625856754853
2016-07-01,0.377669594121361,0.327153524711072,0.342948387250054,0.280900787316466,0.282345337438167,0.342209600551642,0.247803956080766,0.431176529684157,0.321556537758847,0.301177371046388,0.541542325808155,0.327383913606439,0.347863460915282,0.314799919730946,0.36628677121651,0.434110955451664,0.394330812715911
